10:19:12.33,11.0, 25488.0, 4901.0, 61.0, 18.700001, 79.699997, 4250.0, 1.0, 54.0, 26220.0, 2636.0, 6.0, 572.0, 2600.0, 18600.0, 63809.0, 18400.0, 1.0 , 7.44, -1.12, 11.09, 3.72, 3644.75, 60.37, 7.68, 101162.25, 0.15, -3.25
10:19:12.43,11.0, 25488.0, 4901.0, 61.0, 18.700001, 79.699997, 21750.0, 1.0, 58.0, 25530.0, 11809.0, 6.0, 658.0, 2580.0, 18400.0, 63894.0, 18400.0, 1.0 , -9.63, -2.36, -11.41, 3.71, 3657.25, 60.36, 7.64, 101147.35, 0.16, -3.26
10:19:12.52,11.0, 25488.0, 4901.0, 61.0, 18.700001, 79.699997, 8250.0, 1.0, 49.0, 25415.0, 12825.0, 6.0, 658.0, 2520.0, 18000.0, 63996.0, 18400.0, 1.0 , 13.75, -1.56, -2.14, 3.70, 3637.25, 60.37, 6.59, 101146.45, 0.16, -3.27
10:19:12.62,11.0, 25488.0, 4901.0, 61.0, 18.700001, 79.699997, 10250.0, 1.0, 60.0, 25415.0, 12468.0, 6.0, 623.0, 2440.0, 17400.0, 64095.0, 18200.0, 1.0 , 8.56, -0.23, -1.73, 3.70, 3546.75, 60.34, 6.59, 101151.69, 0.16, -3.28
10:19:12.71,11.0, 25488.0, 4901.0, 61.0, 18.700001, 79.699997, 3000.0, 1.0, 54.0, 25990.0, 5949.0, 6.0, 575.0, 2480.0, 17600.0, 64173.0, 18000.0, 1.0 , 8.03, 0.51, -1.25, 3.70, 3466.25, 60.36, 6.59, 101150.76, 0.16, -3.27
10:19:12.80,11.0, 25488.0, 4901.0, 61.0, 18.700001, 79.699997, 1750.0, 1.0, 52.0, 26220.0, 1478.0, 6.0, 539.0, 2520.0, 17900.0, 64273.0, 18000.0, 1.0 , 9.28, 1.18, -3.55, 3.69, 3364.50, 60.36, 6.50, 101152.48, 0.16, -3.28
10:19:12.89,11.0, 25488.0, 4901.0, 61.0, 18.700001, 79.699997, 14000.0, 1.0, 49.0, 25645.0, 8247.0, 6.0, 658.0, 2620.0, 18700.0, 64355.0, 17800.0, 1.0 , 9.03, 1.68, -2.78, 3.69, 3248.50, 60.35, 6.62, 101148.97, 0.16, -3.28
10:19:12.98,11.0, 25488.0, 4901.0, 61.0, 18.700001, 79.699997, 19500.0, 1.0, 43.0, 25185.0, 12486.0, 6.0, 658.0, 2520.0, 17900.0, 64457.0, 17800.0, 1.0 , 14.10, -1.63, -1.88, 3.69, 3248.50, 60.36, 6.53, 101152.48, 0.16, -3.28
10:19:13.07,11.0, 25488.0, 4901.0, 61.0, 18.700001, 79.699997, 14500.0, 1.0, 55.0, 25185.0, 12219.0, 6.0, 658.0, 2540.0, 18100.0, 64538.0, 18000.0, 1.0 , 9.14, -0.87, -2.21, 3.68, 3173.75, 60.34, 6.65, 101139.30, 0.17, -3.30
10:19:13.16,11.0, 25488.0, 4901.0, 61.0, 18.700001, 79.699997, 9500.0, 1.0, 60.0, 25415.0, 12237.0, 6.0, 658.0, 2540.0, 18100.0, 64639.0, 18000.0, 1.0 , 7.45, -1.67, -4.75, 3.67, 3127.25, 60.34, 6.56, 101150.57, 0.16, -3.30
10:19:13.25,11.0, 25756.0, 4914.0, 61.0, 18.700001, 79.699997, 4000.0, 1.0, 54.0, 25300.0, 12308.0, 6.0, 658.0, 2540.0, 18100.0, 64720.0, 18100.0, 1.0 , 8.62, -0.72, 0.18, 3.67, 3129.50, 60.35, 6.50, 101150.57, 0.16, -3.30
10:19:13.34,11.0, 25756.0, 4914.0, 61.0, 18.700001, 79.699997, 5500.0, 1.0, 57.0, 25760.0, 7659.0, 6.0, 608.0, 2520.0, 18000.0, 64822.0, 18200.0, 1.0 , 10.43, -1.63, -2.73, 3.66, 3163.00, 60.33, 6.65, 101152.30, 0.16, -3.32
10:19:13.43,11.0, 25756.0, 4914.0, 61.0, 18.700001, 79.699997, 14500.0, 1.0, 60.0, 25530.0, 11453.0, 6.0, 658.0, 2580.0, 18400.0, 64927.0, 18200.0, 1.0 , 11.38, -1.27, -2.33, 3.65, 3195.75, 60.34, 6.56, 101147.88, 0.16, -3.32
10:19:13.52,11.0, 25756.0, 4914.0, 61.0, 18.700001, 79.699997, 17500.0, 1.0, 49.0, 25300.0, 13181.0, 6.0, 658.0, 2480.0, 17700.0, 65007.0, 18200.0, 1.0 , 7.35, -1.77, -2.39, 3.66, 3178.50, 60.31, 6.53, 101151.39, 0.16, -3.32
10:19:13.62,11.0, 25756.0, 4914.0, 61.0, 18.700001, 79.699997, 14000.0, 1.0, 60.0, 25300.0, 11613.0, 6.0, 658.0, 2540.0, 18100.0, 65109.0, 18200.0, 1.0 , 10.17, -0.19, -4.21, 3.65, 3165.50, 60.32, 6.56, 101160.05, 0.15, -3.33
10:19:13.71,11.0, 25756.0, 4914.0, 61.0, 18.700001, 79.699997, 4250.0, 1.0, 60.0, 25415.0, 11809.0, 6.0, 658.0, 2560.0, 18300.0, 65191.0, 18200.0, 1.0 , 8.61, 0.38, -1.15, 3.64, 3144.00, 60.33, 6.53, 101155.63, 0.15, -3.34
10:19:13.80,11.0, 25756.0, 4914.0, 61.0, 18.700001, 79.699997, 1500.0, 1.0, 56.0, 25300.0, 11916.0, 6.0, 658.0, 2540.0, 18200.0, 65293.0, 18200.0, 1.0 , 8.47, 1.58, -3.22, 3.64, 3144.00, 60.32, 6.59, 101158.25, 0.15, -3.34
10:19:13.90,11.0, 25756.0, 4914.0, 61.0, 18.700001, 79.699997, 9500.0, 1.0, 51.0, 25645.0, 9440.0, 6.0, 643.0, 2540.0, 18200.0, 65394.0, 18300.0, 1.0 , 10.20, -1.06, -2.69, 3.64, 3127.50, 60.31, 6.62, 101148.66, 0.16, -3.34
10:19:13.99,11.0, 25756.0, 4914.0, 61.0, 18.700001, 79.699997, 15750.0, 1.0, 46.0, 25530.0, 11025.0, 6.0, 658.0, 2580.0, 18400.0, 65496.0, 18300.0, 1.0 , 10.58, -1.07, -4.15, 3.64, 3126.25, 60.31, 6.65, 101142.52, 0.16, -3.34
10:19:14.09,11.0, 25756.0, 4914.0, 61.0, 18.700001, 79.699997, 10500.0, 1.0, 58.0, 25415.0, 11970.0, 6.0, 658.0, 2560.0, 18200.0, 62.0, 18200.0, 1.0 , 8.89, 2.01, -1.30, 3.63, 3136.50, 60.32, 6.62, 101148.59, 0.16, -3.35
10:19:14.19,11.0, 25756.0, 4914.0, 61.0, 18.700001, 79.699997, 7250.0, 1.0, 57.0, 25300.0, 12486.0, 6.0, 658.0, 2500.0, 17800.0, 142.0, 18200.0, 1.0 , 10.13, 0.49, -1.40, 3.62, 3146.50, 60.30, 6.56, 101147.66, 0.16, -3.36
10:19:14.29,11.0, 25756.0, 4914.0, 61.0, 18.700001, 79.699997, 3250.0, 1.0, 56.0, 25300.0, 11079.0, 6.0, 658.0, 2560.0, 18300.0, 245.0, 18100.0, 1.0 , 9.24, 0.91, -2.00, 3.62, 3148.00, 60.29, 6.62, 101133.66, 0.17, -3.36
10:19:14.38,11.0, 25756.0, 4914.0, 61.0, 18.700001, 79.699997, 10250.0, 1.0, 49.0, 25415.0, 9832.0, 6.0, 655.0, 2580.0, 18500.0, 348.0, 18200.0, 1.0 , 10.23, 0.03, -0.34, 3.62, 3147.00, 60.29, 6.62, 101152.00, 0.16, -3.36
10:19:14.47,11.0, 25385.0, 4952.0, 61.0, 18.700001, 79.699997, 16750.0, 1.0, 45.0, 25530.0, 11667.0, 6.0, 658.0, 2540.0, 18100.0, 430.0, 18300.0, 1.0 , 12.81, -0.34, 0.11, 3.60, 3137.50, 60.29, 6.56, 101136.20, 0.17, -3.38
10:19:14.56,11.0, 25385.0, 4952.0, 61.0, 18.700001, 79.699997, 14500.0, 1.0, 54.0, 25530.0, 10883.0, 6.0, 658.0, 2540.0, 18200.0, 532.0, 18300.0, 1.0 , 12.62, -1.49, -3.19, 3.60, 3119.50, 60.28, 6.59, 101162.40, 0.15, -3.38
10:19:14.66,11.0, 25385.0, 4952.0, 61.0, 18.700001, 79.699997, 11000.0, 1.0, 60.0, 25415.0, 10687.0, 6.0, 658.0, 2600.0, 18500.0, 635.0, 18300.0, 1.0 , 11.41, -1.10, -0.92, 3.60, 3135.25, 60.28, 6.56, 101145.75, 0.16, -3.38
10:19:14.74,11.0, 25385.0, 4952.0, 61.0, 18.700001, 79.699997, 3500.0, 1.0, 57.0, 25300.0, 11720.0, 6.0, 658.0, 2560.0, 18300.0, 717.0, 18200.0, 1.0 , 7.95, 1.65, -1.61, 3.59, 3114.00, 60.29, 6.47, 101130.85, 0.17, -3.39
10:19:14.83,11.0, 25385.0, 4952.0, 61.0, 18.700001, 79.699997, 3250.0, 1.0, 57.0, 25300.0, 11845.0, 6.0, 658.0, 2560.0, 18300.0, 798.0, 18200.0, 1.0 , 11.64, 0.48, -0.98, 3.59, 3114.00, 60.27, 6.75, 101131.75, 0.17, -3.40
10:19:14.92,11.0, 25385.0, 4952.0, 61.0, 18.700001, 79.699997, 10000.0, 1.0, 56.0, 25530.0, 10455.0, 6.0, 658.0, 2640.0, 18800.0, 902.0, 18300.0, 1.0 , 9.53, 0.74, 0.02, 3.60, 3126.75, 60.30, 6.65, 101125.72, 0.18, -3.38
10:19:15.01,11.0, 25385.0, 4952.0, 61.0, 18.700001, 79.699997, 14250.0, 1.0, 49.0, 25530.0, 10010.0, 6.0, 658.0, 2620.0, 18500.0, 985.0, 18400.0, 1.0 , 5.81, 0.09, -2.89, 3.58, 3126.75, 60.28, 6.50, 101148.29, 0.16, -3.40
10:19:15.11,11.0, 25385.0, 4952.0, 61.0, 18.700001, 79.699997, 9500.0, 1.0, 60.0, 25415.0, 11257.0, 6.0, 658.0, 2560.0, 18300.0, 1088.0, 18400.0, 1.0 , 6.03, -0.08, -1.79, 3.59, 3219.00, 60.29, 6.65, 101139.61, 0.17, -3.39
10:19:15.20,11.0, 25385.0, 4952.0, 61.0, 18.700001, 79.699997, 6750.0, 1.0, 66.0, 25300.0, 10919.0, 6.0, 658.0, 2580.0, 18500.0, 1191.0, 18400.0, 1.0 , 8.85, -0.96, -4.09, 3.59, 3239.00, 60.28, 6.56, 101138.71, 0.17, -3.39
10:19:15.29,11.0, 25385.0, 4952.0, 61.0, 18.700001, 79.699997, 2250.0, 1.0, 60.0, 25645.0, 10402.0, 6.0, 658.0, 2600.0, 18600.0, 1275.0, 18500.0, 1.0 , 9.31, -2.31, -3.76, 3.58, 3234.25, 60.28, 6.59, 101135.19, 0.17, -3.40
10:19:15.38,11.0, 25385.0, 4952.0, 61.0, 18.700001, 79.699997, 7750.0, 1.0, 51.0, 25415.0, 10260.0, 6.0, 658.0, 2600.0, 18600.0, 1380.0, 18500.0, 1.0 , 9.63, -1.73, -1.94, 3.59, 3314.75, 60.29, 6.47, 101143.95, 0.16, -3.39
10:19:15.47,11.0, 25385.0, 4952.0, 61.0, 18.700001, 79.699997, 15000.0, 1.0, 46.0, 25530.0, 10954.0, 6.0, 658.0, 2580.0, 18400.0, 1462.0, 18600.0, 1.0 , 10.36, 0.01, -3.17, 3.58, 3347.50, 60.29, 6.44, 101147.39, 0.16, -3.40
10:19:15.56,11.0, 25385.0, 4952.0, 61.0, 18.700001, 79.699997, 14500.0, 1.0, 55.0, 25415.0, 10723.0, 6.0, 658.0, 2600.0, 18500.0, 1566.0, 18500.0, 1.0 , 5.96, -2.10, -2.13, 3.57, 3347.00, 60.29, 6.50, 101128.16, 0.18, -3.41
10:19:15.65,11.0, 25422.0, 5471.0, 61.0, 18.700001, 79.599998, 7250.0, 1.0, 60.0, 25415.0, 10936.0, 6.0, 658.0, 2580.0, 18500.0, 1650.0, 18500.0, 1.0 , 9.55, -1.19, -4.11, 3.56, 3347.00, 60.30, 6.56, 101128.05, 0.18, -3.42
10:19:15.74,11.0, 25422.0, 5471.0, 61.0, 18.700001, 79.599998, 2000.0, 1.0, 57.0, 25530.0, 10580.0, 6.0, 658.0, 2560.0, 18300.0, 1753.0, 18600.0, 1.0 , 7.47, -0.53, -5.03, 3.56, 3344.25, 60.29, 6.56, 101122.80, 0.18, -3.42
10:19:15.83,11.0, 25422.0, 5471.0, 61.0, 18.700001, 79.599998, 4750.0, 1.0, 57.0, 25645.0, 7374.0, 6.0, 616.0, 2560.0, 18300.0, 1857.0, 18500.0, 1.0 , 10.05, 0.93, -1.21, 3.55, 3334.25, 60.29, 6.59, 101126.25, 0.18, -3.43
10:19:15.93,11.0, 25422.0, 5471.0, 61.0, 18.700001, 79.599998, 13500.0, 1.0, 58.0, 25530.0, 10081.0, 6.0, 658.0, 2620.0, 18800.0, 1942.0, 18600.0, 1.0 , 8.44, -1.74, -4.29, 3.54, 3358.75, 60.31, 6.50, 101125.31, 0.18, -3.43
10:19:16.02,11.0, 25422.0, 5471.0, 61.0, 18.700001, 79.599998, 13750.0, 1.0, 51.0, 25415.0, 11025.0, 6.0, 658.0, 2560.0, 18300.0, 2047.0, 18600.0, 1.0 , 10.81, 0.60, -2.84, 3.54, 3382.75, 60.31, 6.59, 101112.22, 0.19, -3.43
10:19:16.11,11.0, 25422.0, 5471.0, 61.0, 18.700001, 79.599998, 10000.0, 1.0, 60.0, 25530.0, 10366.0, 6.0, 658.0, 2620.0, 18700.0, 2129.0, 18600.0, 1.0 , 10.89, 0.12, -3.26, 3.53, 3397.25, 60.30, 6.62, 101110.42, 0.19, -3.45
10:19:16.20,11.0, 25422.0, 5471.0, 61.0, 18.700001, 79.599998, 5750.0, 1.0, 57.0, 25530.0, 9369.0, 6.0, 658.0, 2660.0, 19000.0, 2235.0, 18600.0, 1.0 , 10.37, -1.69, -0.49, 3.52, 3431.75, 60.30, 6.59, 101106.00, 0.20, -3.46
10:19:16.29,11.0, 25422.0, 5471.0, 61.0, 18.700001, 79.599998, 3500.0, 1.0, 60.0, 25530.0, 10242.0, 6.0, 658.0, 2660.0, 19000.0, 2320.0, 18800.0, 1.0 , 10.17, -2.03, -2.92, 3.53, 3392.75, 60.31, 6.53, 101104.28, 0.20, -3.44
10:19:16.38,11.0, 25422.0, 5471.0, 61.0, 18.700001, 79.599998, 11750.0, 1.0, 49.0, 25645.0, 9137.0, 6.0, 658.0, 2640.0, 18900.0, 2426.0, 18900.0, 1.0 , 9.74, -1.00, -3.33, 3.51, 3421.50, 60.31, 6.56, 101105.07, 0.20, -3.46
10:19:16.47,11.0, 25422.0, 5471.0, 61.0, 18.700001, 79.599998, 15000.0, 1.0, 46.0, 25530.0, 9013.0, 6.0, 658.0, 2680.0, 19100.0, 2531.0, 18900.0, 1.0 , 8.55, -3.31, -3.73, 3.51, 3421.50, 60.32, 6.50, 101105.07, 0.20, -3.46
10:19:16.57,11.0, 25422.0, 5471.0, 61.0, 18.700001, 79.599998, 11500.0, 1.0, 58.0, 25530.0, 9796.0, 6.0, 658.0, 2660.0, 19000.0, 2617.0, 18900.0, 1.0 , 10.18, 0.93, -0.67, 3.51, 3409.75, 60.32, 6.62, 101093.69, 0.21, -3.46
10:19:16.66,11.0, 25422.0, 5471.0, 61.0, 18.700001, 79.599998, 5250.0, 1.0, 52.0, 25415.0, 10135.0, 6.0, 658.0, 2620.0, 18700.0, 2722.0, 18900.0, 1.0 , 10.72, 1.68, -3.91, 3.51, 3389.75, 60.33, 6.44, 101143.47, 0.16, -3.46
10:19:16.76,11.0, 25422.0, 5471.0, 61.0, 18.700001, 79.599998, 1750.0, 1.0, 54.0, 25645.0, 9226.0, 6.0, 658.0, 2680.0, 19100.0, 2828.0, 18900.0, 1.0 , 9.19, 0.34, -3.75, 3.51, 3305.75, 60.34, 6.50, 101112.03, 0.19, -3.46
10:19:16.86,11.0, 25672.0, 4543.0, 61.0, 18.700001, 79.599998, 8250.0, 1.0, 60.0, 25530.0, 8728.0, 6.0, 658.0, 2700.0, 19200.0, 2935.0, 19000.0, 1.0 , 9.61, -0.01, -3.32, 3.51, 3350.50, 60.34, 6.44, 101098.94, 0.20, -3.46
10:19:16.95,11.0, 25672.0, 4543.0, 61.0, 18.700001, 79.599998, 10750.0, 1.0, 43.0, 25530.0, 10491.0, 6.0, 658.0, 2620.0, 18800.0, 3041.0, 18900.0, 1.0 , 10.01, 0.11, -1.08, 3.50, 3389.25, 60.34, 6.25, 101097.14, 0.21, -3.47
10:19:17.05,11.0, 25672.0, 4543.0, 61.0, 18.700001, 79.599998, 9750.0, 1.0, 55.0, 25645.0, 8567.0, 6.0, 658.0, 2700.0, 19200.0, 3127.0, 19000.0, 1.0 , 9.37, 2.27, -2.31, 3.50, 3437.50, 60.35, 6.53, 101103.27, 0.20, -3.46
10:19:17.14,11.0, 25672.0, 4543.0, 61.0, 18.700001, 79.599998, 6750.0, 1.0, 74.0, 25530.0, 9013.0, 6.0, 658.0, 2720.0, 19400.0, 3234.0, 19000.0, 1.0 , 6.22, -0.80, -3.18, 3.51, 3477.00, 60.35, 6.75, 101098.94, 0.20, -3.45
10:19:17.23,11.0, 25672.0, 4543.0, 61.0, 18.700001, 79.599998, 2750.0, 1.0, 57.0, 25530.0, 8906.0, 6.0, 658.0, 2700.0, 19200.0, 3342.0, 19300.0, 1.0 , 7.21, -0.63, -3.49, 3.50, 3521.75, 60.35, 6.59, 101098.03, 0.20, -3.46
10:19:17.33,11.0, 25672.0, 4543.0, 61.0, 18.700001, 79.599998, 7750.0, 1.0, 60.0, 25645.0, 8692.0, 6.0, 658.0, 2720.0, 19400.0, 3450.0, 19300.0, 1.0 , 10.06, -3.20, -4.36, 3.51, 3544.50, 60.35, 6.53, 101094.59, 0.21, -3.45
10:19:17.42,11.0, 25672.0, 4543.0, 61.0, 18.700001, 79.599998, 13250.0, 1.0, 63.0, 25645.0, 8817.0, 6.0, 658.0, 2700.0, 19200.0, 3537.0, 19300.0, 1.0 , 9.51, -1.11, -3.91, 3.51, 3586.25, 60.36, 6.50, 101089.36, 0.21, -3.45
10:19:17.52,11.0, 25672.0, 4543.0, 61.0, 18.700001, 79.599998, 9750.0, 1.0, 52.0, 25645.0, 9030.0, 6.0, 658.0, 2700.0, 19200.0, 3644.0, 19300.0, 1.0 , 9.28, -0.22, -4.08, 3.53, 3608.00, 60.36, 6.50, 101093.80, 0.21, -3.43
10:19:17.61,11.0, 25672.0, 4543.0, 61.0, 18.700001, 79.599998, 7250.0, 1.0, 63.0, 25530.0, 8710.0, 6.0, 658.0, 2700.0, 19300.0, 3730.0, 19300.0, 1.0 , 10.34, -0.33, -2.72, 3.52, 3608.00, 60.36, 6.65, 101092.91, 0.21, -3.44
10:19:17.70,11.0, 25672.0, 4543.0, 61.0, 18.700001, 79.599998, 2000.0, 1.0, 66.0, 25645.0, 8371.0, 6.0, 658.0, 2720.0, 19400.0, 3838.0, 19300.0, 1.0 , 10.16, 0.98, -2.29, 3.51, 3535.75, 60.37, 6.65, 101089.36, 0.21, -3.45
10:19:17.79,11.0, 25672.0, 4543.0, 61.0, 18.700001, 79.599998, 7000.0, 1.0, 63.0, 25760.0, 6519.0, 6.0, 637.0, 2680.0, 19100.0, 3946.0, 19300.0, 1.0 , 9.83, 0.23, -2.62, 3.52, 3499.50, 60.36, 6.59, 101090.28, 0.21, -3.44
10:19:17.88,11.0, 25672.0, 4543.0, 61.0, 18.700001, 79.599998, 12000.0, 1.0, 51.0, 25530.0, 9529.0, 6.0, 658.0, 2660.0, 19100.0, 4032.0, 19300.0, 1.0 , 10.30, 0.67, -3.54, 3.53, 3425.00, 60.37, 6.56, 101085.95, 0.22, -3.43
10:19:17.98,11.0, 25523.0, 4403.0, 61.0, 18.700001, 79.599998, 10250.0, 1.0, 48.0, 25530.0, 8514.0, 6.0, 658.0, 2740.0, 19500.0, 4140.0, 19300.0, 1.0 , 8.40, -0.25, -1.44, 3.53, 3389.50, 60.36, 6.59, 101088.56, 0.21, -3.43
10:19:18.08,11.0, 25523.0, 4403.0, 61.0, 18.700001, 79.599998, 7000.0, 1.0, 60.0, 25645.0, 8104.0, 6.0, 658.0, 2720.0, 19400.0, 4250.0, 19400.0, 1.0 , 8.00, -0.44, -2.08, 3.53, 3381.50, 60.38, 6.56, 101086.84, 0.21, -3.43
10:19:18.17,11.0, 25523.0, 4403.0, 61.0, 18.700001, 79.599998, 4250.0, 1.0, 63.0, 25530.0, 9405.0, 6.0, 658.0, 2700.0, 19300.0, 4336.0, 19400.0, 1.0 , 7.88, 0.35, -0.92, 3.55, 3393.25, 60.37, 6.56, 101092.19, 0.21, -3.41
10:19:18.26,11.0, 25523.0, 4403.0, 61.0, 18.700001, 79.599998, 6250.0, 1.0, 58.0, 25760.0, 6982.0, 6.0, 658.0, 2780.0, 19800.0, 4446.0, 19500.0, 1.0 , 8.19, -1.45, -2.60, 3.55, 3392.00, 60.36, 6.62, 101095.70, 0.21, -3.41
10:19:18.36,11.0, 25523.0, 4403.0, 61.0, 18.700001, 79.599998, 12500.0, 1.0, 63.0, 25645.0, 8354.0, 6.0, 658.0, 2740.0, 19600.0, 4557.0, 19500.0, 1.0 , 7.29, -0.80, -3.72, 3.55, 3442.75, 60.36, 6.62, 101087.85, 0.21, -3.41
10:19:18.46,11.0, 25523.0, 4403.0, 61.0, 18.700001, 79.599998, 10000.0, 1.0, 45.0, 25645.0, 7944.0, 6.0, 658.0, 2760.0, 19600.0, 4666.0, 19500.0, 1.0 , 7.30, -2.47, -4.56, 3.56, 3444.50, 60.37, 6.65, 101089.65, 0.21, -3.40
10:19:18.56,11.0, 25523.0, 4403.0, 61.0, 18.700001, 79.599998, 4500.0, 1.0, 58.0, 25760.0, 7890.0, 6.0, 658.0, 2760.0, 19700.0, 4776.0, 19500.0, 1.0 , 7.81, -0.86, -4.92, 3.58, 3336.00, 60.37, 6.65, 101100.23, 0.20, -3.38
10:19:18.66,11.0, 25523.0, 4403.0, 61.0, 18.700001, 79.599998, 500.0, 1.0, 60.0, 25645.0, 7463.0, 6.0, 658.0, 2780.0, 19800.0, 4887.0, 19600.0, 1.0 , 11.74, 0.54, -2.03, 3.56, 3328.75, 60.38, 6.53, 101092.27, 0.21, -3.40
10:19:18.75,11.0, 25523.0, 4403.0, 61.0, 18.700001, 79.599998, 7000.0, 1.0, 58.0, 25760.0, 6626.0, 6.0, 634.0, 2700.0, 19200.0, 4974.0, 19800.0, 1.0 , 9.24, 0.47, -2.01, 3.57, 3268.25, 60.38, 6.56, 101091.48, 0.21, -3.39
10:19:18.84,11.0, 25523.0, 4403.0, 61.0, 18.700001, 79.599998, 10250.0, 1.0, 66.0, 25760.0, 7071.0, 6.0, 658.0, 2800.0, 19900.0, 5085.0, 19800.0, 1.0 , 10.97, -0.16, -3.00, 3.57, 3261.25, 60.39, 6.71, 101111.50, 0.19, -3.39
10:19:18.94,11.0, 25523.0, 4403.0, 61.0, 18.700001, 79.599998, 8250.0, 1.0, 65.0, 25645.0, 7125.0, 6.0, 658.0, 2780.0, 19800.0, 5196.0, 19800.0, 1.0 , 12.18, 1.25, -1.84, 3.57, 3261.25, 60.38, 6.65, 101099.34, 0.20, -3.39
10:19:19.04,11.0, 25523.0, 4403.0, 61.0, 18.700001, 79.599998, 5000.0, 1.0, 55.0, 25760.0, 7552.0, 6.0, 658.0, 2780.0, 19800.0, 5307.0, 19800.0, 1.0 , 10.34, -0.36, -1.89, 3.56, 3197.50, 60.38, 6.62, 101107.09, 0.20, -3.40
10:19:19.13,11.0, 25523.0, 4403.0, 61.0, 18.700001, 79.599998, 2500.0, 1.0, 74.0, 25760.0, 7142.0, 6.0, 658.0, 2820.0, 20100.0, 5420.0, 20000.0, 1.0 , 8.23, -2.75, -3.47, 3.56, 3189.75, 60.39, 6.62, 101117.56, 0.19, -3.40
10:19:19.23,11.0, 25630.0, 4068.0, 61.0, 18.700001, 79.5, 10500.0, 1.0, 63.0, 25760.0, 6590.0, 6.0, 658.0, 2840.0, 20300.0, 5511.0, 20000.0, 1.0 , 14.18, -0.80, -3.20, 3.56, 3231.50, 60.40, 6.62, 101128.05, 0.18, -3.39
10:19:19.32,11.0, 25630.0, 4068.0, 61.0, 18.700001, 79.5, 11500.0, 1.0, 57.0, 25645.0, 7748.0, 6.0, 658.0, 2740.0, 19500.0, 5621.0, 20000.0, 1.0 , 8.89, 0.12, -2.25, 3.56, 3263.75, 60.40, 6.56, 101126.33, 0.18, -3.39
10:19:19.41,11.0, 25630.0, 4068.0, 61.0, 18.700001, 79.5, 5000.0, 1.0, 63.0, 25760.0, 7107.0, 6.0, 658.0, 2820.0, 20200.0, 5733.0, 20000.0, 1.0 , 9.80, -0.39, -4.25, 3.57, 3285.00, 60.41, 6.62, 101141.25, 0.17, -3.38
10:19:19.51,11.0, 25630.0, 4068.0, 61.0, 18.700001, 79.5, 2000.0, 1.0, 54.0, 25760.0, 6519.0, 6.0, 658.0, 2820.0, 20200.0, 5823.0, 19900.0, 1.0 , 6.56, -2.59, -3.88, 3.57, 3363.75, 60.44, 6.56, 101140.32, 0.17, -3.38
10:19:19.60,11.0, 25630.0, 4068.0, 61.0, 18.700001, 79.5, 1750.0, 1.0, 64.0, 25875.0, 5308.0, 6.0, 609.0, 2700.0, 19200.0, 5933.0, 20000.0, 1.0 , 7.99, -1.71, -4.33, 3.56, 3343.50, 60.45, 6.50, 101149.91, 0.16, -3.38
10:19:19.69,11.0, 25630.0, 4068.0, 61.0, 18.700001, 79.5, 9000.0, 1.0, 66.0, 25875.0, 5130.0, 6.0, 658.0, 2820.0, 20200.0, 6022.0, 19900.0, 1.0 , 9.55, 0.71, -2.77, 3.56, 3333.25, 60.45, 6.65, 101144.66, 0.16, -3.38
10:19:19.78,11.0, 25630.0, 4068.0, 61.0, 18.700001, 79.5, 9000.0, 1.0, 56.0, 25760.0, 6840.0, 6.0, 658.0, 2820.0, 20100.0, 6134.0, 19900.0, 1.0 , 9.49, -1.29, -1.26, 3.56, 3291.25, 60.47, 6.62, 101138.52, 0.17, -3.38
10:19:19.87,11.0, 25630.0, 4068.0, 61.0, 18.700001, 79.5, 8250.0, 1.0, 54.0, 25760.0, 7320.0, 6.0, 658.0, 2740.0, 19500.0, 6244.0, 19900.0, 1.0 , 7.51, -0.65, -0.01, 3.57, 3359.75, 60.49, 6.53, 101143.88, 0.16, -3.37
10:19:19.97,11.0, 25630.0, 4068.0, 61.0, 18.700001, 79.5, 3750.0, 1.0, 48.0, 25760.0, 7338.0, 6.0, 658.0, 2760.0, 19700.0, 6333.0, 19900.0, 1.0 , 6.74, -1.27, -2.46, 3.56, 3359.75, 60.51, 6.56, 101143.77, 0.16, -3.37
10:19:20.06,11.0, 25630.0, 4068.0, 61.0, 18.700001, 79.5, 3250.0, 1.0, 58.0, 25645.0, 7338.0, 6.0, 658.0, 2780.0, 19800.0, 6444.0, 19900.0, 1.0 , 10.69, -2.10, 0.34, 3.55, 3351.25, 60.52, 6.47, 101155.96, 0.15, -3.38
10:19:20.16,11.0, 25630.0, 4068.0, 61.0, 18.700001, 79.5, 13250.0, 1.0, 63.0, 25760.0, 8015.0, 6.0, 658.0, 2740.0, 19500.0, 6555.0, 19800.0, 1.0 , 6.73, -2.39, -2.66, 3.56, 3372.25, 60.54, 6.53, 101159.48, 0.15, -3.36
10:19:20.26,11.0, 25630.0, 4068.0, 61.0, 18.700001, 79.5, 11500.0, 1.0, 58.0, 25645.0, 7837.0, 6.0, 658.0, 2760.0, 19700.0, 6664.0, 19800.0, 1.0 , 7.82, -0.41, -2.39, 3.55, 3393.50, 60.53, 6.47, 101148.11, 0.16, -3.38
10:19:20.35,11.0, 25630.0, 4068.0, 61.0, 18.700001, 79.5, 7250.0, 1.0, 63.0, 25760.0, 7249.0, 6.0, 658.0, 2780.0, 19800.0, 6774.0, 19600.0, 1.0 , 8.50, 0.38, -1.59, 3.55, 3431.50, 60.54, 6.47, 101147.20, 0.16, -3.37
10:19:20.45,11.0, 25753.0, 3539.0, 61.0, 18.700001, 79.5, 1750.0, 1.0, 45.0, 25645.0, 8015.0, 6.0, 658.0, 2740.0, 19500.0, 6863.0, 19600.0, 1.0 , 7.87, 1.53, -0.61, 3.54, 3448.00, 60.55, 6.71, 101146.27, 0.16, -3.38
10:19:20.54,11.0, 25753.0, 3539.0, 61.0, 18.700001, 79.5, 3250.0, 1.0, 55.0, 25530.0, 8656.0, 6.0, 653.0, 2700.0, 19300.0, 6972.0, 19600.0, 1.0 , 11.01, -1.82, -1.94, 3.55, 3406.75, 60.56, 6.53, 101160.30, 0.15, -3.37
10:19:20.64,11.0, 25753.0, 3539.0, 61.0, 18.700001, 79.5, 11750.0, 1.0, 74.0, 25760.0, 6412.0, 6.0, 658.0, 2820.0, 20100.0, 7083.0, 19600.0, 1.0 , 9.67, -1.35, -5.47, 3.53, 3400.75, 60.55, 6.50, 101147.09, 0.16, -3.39
10:19:20.73,11.0, 25753.0, 3539.0, 61.0, 18.700001, 79.5, 9500.0, 1.0, 57.0, 25645.0, 8514.0, 6.0, 658.0, 2740.0, 19500.0, 7171.0, 19600.0, 1.0 , 11.00, -0.43, -2.73, 3.54, 3422.75, 60.57, 6.65, 101146.27, 0.16, -3.38
10:19:20.82,11.0, 25753.0, 3539.0, 61.0, 18.700001, 79.5, 8000.0, 1.0, 54.0, 25645.0, 7908.0, 6.0, 658.0, 2740.0, 19600.0, 7280.0, 19600.0, 1.0 , 9.94, -0.74, -0.73, 3.53, 3418.50, 60.57, 6.65, 101140.95, 0.17, -3.39
10:19:20.91,11.0, 25753.0, 3539.0, 61.0, 18.700001, 79.5, 2500.0, 1.0, 60.0, 25645.0, 8175.0, 6.0, 658.0, 2740.0, 19800.0, 7368.0, 19600.0, 1.0 , 11.02, -1.10, -0.79, 3.53, 3408.25, 60.59, 6.53, 101146.20, 0.16, -3.38
10:19:21.00,11.0, 25753.0, 3539.0, 61.0, 18.700001, 79.5, 6000.0, 1.0, 51.0, 25760.0, 6644.0, 6.0, 658.0, 2820.0, 20100.0, 7479.0, 19600.0, 1.0 , 11.66, 0.06, -1.13, 3.52, 3408.25, 60.59, 6.59, 101147.91, 0.16, -3.39
10:19:21.09,11.0, 25753.0, 3539.0, 61.0, 18.700001, 79.5, 15000.0, 1.0, 63.0, 25645.0, 8122.0, 6.0, 658.0, 2720.0, 19400.0, 7589.0, 19600.0, 1.0 , 13.12, 1.01, -0.32, 3.53, 3428.75, 60.59, 6.59, 101146.20, 0.16, -3.38
10:19:21.19,11.0, 25753.0, 3539.0, 61.0, 18.700001, 79.5, 12250.0, 1.0, 66.0, 25645.0, 8425.0, 6.0, 658.0, 2740.0, 19600.0, 7698.0, 19800.0, 1.0 , 8.43, 0.40, -6.78, 3.51, 3452.75, 60.59, 6.53, 101144.36, 0.16, -3.40
10:19:21.29,11.0, 25753.0, 3539.0, 61.0, 18.700001, 79.5, 7750.0, 1.0, 60.0, 25645.0, 7873.0, 6.0, 658.0, 2740.0, 19600.0, 7786.0, 19600.0, 1.0 , 9.16, 0.93, -1.93, 3.51, 3464.50, 60.60, 6.53, 101139.13, 0.17, -3.40
10:19:21.38,11.0, 25753.0, 3539.0, 61.0, 18.700001, 79.5, 2250.0, 1.0, 51.0, 25645.0, 9476.0, 6.0, 658.0, 2680.0, 19100.0, 7894.0, 19500.0, 1.0 , 9.75, 0.48, 0.37, 3.51, 3472.50, 60.61, 6.41, 101157.46, 0.15, -3.40
10:19:21.47,11.0, 25753.0, 3539.0, 61.0, 18.700001, 79.5, 6750.0, 1.0, 48.0, 25530.0, 8265.0, 6.0, 658.0, 2740.0, 19500.0, 7981.0, 19500.0, 1.0 , 10.48, -0.16, -1.75, 3.51, 3491.75, 60.61, 6.56, 101146.98, 0.16, -3.40
10:19:21.56,11.0, 25753.0, 3539.0, 61.0, 18.700001, 79.5, 13000.0, 1.0, 57.0, 25645.0, 8639.0, 6.0, 658.0, 2700.0, 19300.0, 8090.0, 19400.0, 1.0 , 10.06, 1.56, 0.20, 3.51, 3518.00, 60.62, 6.62, 101141.74, 0.16, -3.39
10:19:21.65,11.0, 25594.0, 3766.0, 61.0, 18.700001, 79.5, 11750.0, 1.0, 60.0, 25415.0, 10224.0, 6.0, 658.0, 2620.0, 18700.0, 8196.0, 19400.0, 1.0 , 9.72, -2.86, -4.28, 3.50, 3531.00, 60.62, 6.62, 101137.33, 0.17, -3.40
10:19:21.74,11.0, 25594.0, 3766.0, 61.0, 18.700001, 79.5, 8500.0, 1.0, 54.0, 25645.0, 9458.0, 6.0, 658.0, 2660.0, 19000.0, 8280.0, 19400.0, 1.0 , 9.17, -1.05, -2.51, 3.50, 3499.25, 60.62, 6.53, 101145.19, 0.16, -3.40
10:19:21.84,11.0, 25594.0, 3766.0, 61.0, 18.700001, 79.5, 3250.0, 1.0, 57.0, 25530.0, 9422.0, 6.0, 658.0, 2680.0, 19100.0, 8387.0, 19100.0, 1.0 , 10.84, -1.07, -1.98, 3.51, 3445.75, 60.64, 6.59, 101135.61, 0.17, -3.39
10:19:21.93,11.0, 25594.0, 3766.0, 61.0, 18.700001, 79.5, 7250.0, 1.0, 60.0, 25645.0, 8995.0, 6.0, 658.0, 2700.0, 19100.0, 8473.0, 19000.0, 1.0 , 11.21, 1.11, -2.55, 3.50, 3445.75, 60.63, 6.56, 101141.67, 0.17, -3.40
10:19:22.02,11.0, 25594.0, 3766.0, 61.0, 18.700001, 79.5, 16500.0, 1.0, 51.0, 25415.0, 9226.0, 6.0, 658.0, 2680.0, 19100.0, 8579.0, 18900.0, 1.0 , 9.65, 1.27, -0.07, 3.50, 3380.75, 60.65, 6.59, 101141.67, 0.17, -3.40
10:19:22.11,11.0, 25594.0, 3766.0, 61.0, 18.700001, 79.5, 15250.0, 1.0, 63.0, 25415.0, 10242.0, 6.0, 658.0, 2620.0, 18800.0, 8685.0, 19000.0, 1.0 , 9.80, 1.29, 1.35, 3.50, 3328.50, 60.66, 6.65, 101128.56, 0.18, -3.40
10:19:22.20,11.0, 25594.0, 3766.0, 61.0, 18.700001, 79.5, 9250.0, 1.0, 54.0, 25415.0, 9939.0, 6.0, 658.0, 2620.0, 18700.0, 8769.0, 18900.0, 1.0 , 9.81, -1.11, -2.05, 3.50, 3332.75, 60.67, 6.62, 101129.47, 0.18, -3.39
10:19:22.30,11.0, 25594.0, 3766.0, 61.0, 18.700001, 79.5, 3250.0, 1.0, 56.0, 25300.0, 10972.0, 6.0, 658.0, 2600.0, 18600.0, 8872.0, 18800.0, 1.0 , 2.11, -1.73, -2.42, 3.50, 3330.75, 60.67, 6.53, 101132.09, 0.17, -3.39
10:19:22.39,11.0, 25594.0, 3766.0, 61.0, 18.700001, 79.5, 1250.0, 1.0, 51.0, 25530.0, 10064.0, 6.0, 639.0, 2600.0, 18600.0, 8955.0, 18800.0, 1.0 , 6.35, 0.86, -0.15, 3.49, 3319.25, 60.70, 6.50, 101127.67, 0.18, -3.40
10:19:22.48,11.0, 25594.0, 3766.0, 61.0, 18.700001, 79.5, 6000.0, 1.0, 43.0, 25875.0, 4292.0, 6.0, 614.0, 2640.0, 18900.0, 9059.0, 18600.0, 1.0 , 16.73, -0.55, 1.44, 3.49, 3277.50, 60.71, 6.62, 101127.67, 0.18, -3.39
10:19:22.57,11.0, 25594.0, 3766.0, 61.0, 18.700001, 79.5, 15000.0, 1.0, 57.0, 25530.0, 11400.0, 6.0, 658.0, 2580.0, 18500.0, 9163.0, 18600.0, 1.0 , 6.57, -0.46, -4.60, 3.50, 3174.25, 60.72, 6.59, 101123.33, 0.18, -3.38
10:19:22.67,11.0, 25594.0, 3766.0, 61.0, 18.700001, 79.5, 10000.0, 1.0, 63.0, 25530.0, 8710.0, 6.0, 658.0, 2680.0, 19100.0, 9247.0, 18600.0, 1.0 , 9.40, 0.51, -3.06, 3.50, 3127.25, 60.73, 6.65, 101124.23, 0.18, -3.38
10:19:22.76,11.0, 25594.0, 3766.0, 61.0, 18.700001, 79.5, 5500.0, 1.0, 58.0, 25645.0, 8318.0, 6.0, 658.0, 2740.0, 19600.0, 9357.0, 18800.0, 1.0 , 10.04, -4.10, -4.72, 3.49, 3154.50, 60.74, 6.68, 101122.44, 0.18, -3.39
10:19:22.85,11.0, 25538.0, 4575.0, 61.0, 18.700001, 79.5, 2000.0, 1.0, 63.0, 25645.0, 8924.0, 6.0, 658.0, 2700.0, 19200.0, 9466.0, 19100.0, 1.0 , 11.33, -3.39, -3.02, 3.50, 3154.50, 60.75, 6.50, 101118.09, 0.19, -3.38
10:19:22.94,11.0, 25538.0, 4575.0, 61.0, 18.700001, 79.5, 10000.0, 1.0, 45.0, 25645.0, 8835.0, 6.0, 658.0, 2700.0, 19200.0, 9551.0, 19400.0, 1.0 , 8.53, 0.17, -3.19, 3.50, 3121.50, 60.75, 6.59, 101123.33, 0.18, -3.37
10:19:23.04,11.0, 25538.0, 4575.0, 61.0, 18.700001, 79.5, 13750.0, 1.0, 54.0, 25530.0, 8835.0, 6.0, 658.0, 2740.0, 19500.0, 9659.0, 19400.0, 1.0 , 10.45, -0.69, -2.33, 3.50, 3074.00, 60.77, 6.59, 101125.95, 0.18, -3.37
10:19:23.13,11.0, 25538.0, 4575.0, 61.0, 18.700001, 79.5, 11000.0, 1.0, 65.0, 25645.0, 7801.0, 6.0, 658.0, 2740.0, 19600.0, 9747.0, 19300.0, 1.0 , 11.24, -1.82, -4.47, 3.50, 3039.50, 60.78, 6.53, 101128.56, 0.18, -3.37
10:19:23.22,11.0, 25538.0, 4575.0, 61.0, 18.700001, 79.5, 7500.0, 1.0, 60.0, 25530.0, 8336.0, 6.0, 658.0, 2740.0, 19600.0, 9855.0, 19400.0, 1.0 , 10.77, 0.54, -1.29, 3.50, 2991.50, 60.78, 6.59, 101133.81, 0.17, -3.37
10:19:23.31,11.0, 25538.0, 4575.0, 61.0, 18.700001, 79.5, 1000.0, 1.0, 51.0, 25760.0, 7410.0, 6.0, 658.0, 2760.0, 19700.0, 9965.0, 19500.0, 1.0 , 7.89, 1.56, -3.06, 3.49, 2964.75, 60.80, 6.41, 101127.67, 0.18, -3.37
10:19:23.40,11.0, 25538.0, 4575.0, 61.0, 18.700001, 79.5, 7250.0, 1.0, 54.0, 25760.0, 7463.0, 6.0, 658.0, 2800.0, 19900.0, 10054.0, 19500.0, 1.0 , 4.38, 0.53, -1.84, 3.50, 2953.25, 60.79, 6.53, 101125.95, 0.18, -3.37
10:19:23.50,11.0, 25538.0, 4575.0, 61.0, 18.700001, 79.5, 14000.0, 1.0, 49.0, 25530.0, 9333.0, 6.0, 658.0, 2680.0, 19100.0, 10164.0, 19500.0, 1.0 , 12.68, -2.38, -3.79, 3.50, 2994.75, 60.81, 6.47, 101120.71, 0.18, -3.36
10:19:23.59,11.0, 25538.0, 4575.0, 61.0, 18.700001, 79.5, 8750.0, 1.0, 61.0, 25645.0, 8318.0, 6.0, 658.0, 2720.0, 19400.0, 10251.0, 19600.0, 1.0 , 6.16, -1.47, -0.13, 3.49, 2981.75, 60.82, 6.50, 101127.67, 0.18, -3.37
10:19:23.68,11.0, 25538.0, 4575.0, 61.0, 18.700001, 79.5, 6250.0, 1.0, 63.0, 25645.0, 8763.0, 6.0, 658.0, 2740.0, 19500.0, 10359.0, 19600.0, 1.0 , 9.07, 1.33, -2.36, 3.49, 2863.25, 60.82, 6.50, 101130.29, 0.18, -3.37
10:19:23.77,11.0, 25538.0, 4575.0, 61.0, 18.700001, 79.5, 1500.0, 1.0, 56.0, 25875.0, 5610.0, 6.0, 611.0, 2740.0, 19500.0, 10467.0, 19500.0, 1.0 , 4.21, -0.54, -4.44, 3.49, 2863.25, 60.83, 6.71, 101140.77, 0.17, -3.37
10:19:23.87,11.0, 25538.0, 4575.0, 61.0, 18.700001, 79.5, 6500.0, 1.0, 54.0, 26105.0, 3010.0, 6.0, 629.0, 2840.0, 20300.0, 10556.0, 19500.0, 1.0 , 6.26, -1.93, -3.80, 3.49, 2829.50, 60.85, 6.56, 101126.73, 0.18, -3.36
10:19:23.96,11.0, 25538.0, 4575.0, 61.0, 18.700001, 79.5, 14000.0, 1.0, 46.0, 25645.0, 7730.0, 6.0, 658.0, 2740.0, 19500.0, 10668.0, 19600.0, 1.0 , 9.64, -1.10, -3.07, 3.49, 2814.75, 60.86, 6.53, 101125.05, 0.18, -3.36
10:19:24.05,11.0, 25554.0, 4148.0, 61.0, 18.700001, 79.400002, 11750.0, 1.0, 58.0, 25415.0, 10455.0, 6.0, 658.0, 2600.0, 18600.0, 10775.0, 19800.0, 1.0 , 9.21, -2.90, -0.86, 3.49, 2738.00, 60.89, 6.50, 101127.67, 0.18, -3.35
10:19:24.14,11.0, 25554.0, 4148.0, 61.0, 18.700001, 79.400002, 4250.0, 1.0, 74.0, 25530.0, 9298.0, 6.0, 658.0, 2680.0, 19100.0, 10860.0, 19500.0, 1.0 , 9.77, 1.64, -2.55, 3.48, 2659.75, 60.90, 6.62, 101128.46, 0.18, -3.36
10:19:24.24,11.0, 25554.0, 4148.0, 61.0, 18.700001, 79.400002, 250.0, 1.0, 57.0, 25760.0, 7125.0, 6.0, 658.0, 2780.0, 19800.0, 10970.0, 19300.0, 1.0 , 11.70, 1.19, -0.78, 3.49, 2622.75, 60.90, 6.59, 101127.67, 0.18, -3.35
10:19:24.33,11.0, 25554.0, 4148.0, 61.0, 18.700001, 79.400002, 5750.0, 1.0, 60.0, 25875.0, 5575.0, 6.0, 633.0, 2720.0, 19400.0, 11079.0, 19400.0, 1.0 , 9.83, -0.18, -1.88, 3.48, 2629.75, 60.93, 6.47, 101136.31, 0.17, -3.35
10:19:24.42,11.0, 25554.0, 4148.0, 61.0, 18.700001, 79.400002, 13500.0, 1.0, 60.0, 25645.0, 7944.0, 6.0, 658.0, 2740.0, 19500.0, 11166.0, 19400.0, 1.0 , 8.16, 2.84, -3.29, 3.49, 2642.50, 60.94, 6.56, 101131.98, 0.17, -3.34
10:19:24.51,11.0, 25554.0, 4148.0, 61.0, 18.700001, 79.400002, 12000.0, 1.0, 52.0, 25645.0, 9013.0, 6.0, 658.0, 2720.0, 19400.0, 11276.0, 19400.0, 1.0 , 10.13, -0.33, -1.55, 3.49, 2682.50, 60.97, 6.56, 101139.84, 0.17, -3.34
10:19:24.61,11.0, 25554.0, 4148.0, 61.0, 18.700001, 79.400002, 8000.0, 1.0, 65.0, 25530.0, 8389.0, 6.0, 658.0, 2740.0, 19500.0, 11363.0, 19600.0, 1.0 , 8.19, -2.71, -3.41, 3.48, 2726.75, 60.98, 6.56, 101140.66, 0.17, -3.34
10:19:24.70,11.0, 25554.0, 4148.0, 61.0, 18.700001, 79.400002, 3500.0, 1.0, 66.0, 25530.0, 9244.0, 6.0, 658.0, 2660.0, 19000.0, 11471.0, 19500.0, 1.0 , 8.45, 0.13, -0.38, 3.49, 2726.75, 60.98, 6.50, 101131.98, 0.17, -3.33
10:19:24.79,11.0, 25554.0, 4148.0, 61.0, 18.700001, 79.400002, 5750.0, 1.0, 60.0, 25645.0, 8799.0, 6.0, 658.0, 2720.0, 19400.0, 11558.0, 19600.0, 1.0 , 10.72, -0.36, -3.00, 3.47, 2742.50, 61.01, 6.50, 101131.90, 0.17, -3.35
10:19:24.88,11.0, 25554.0, 4148.0, 61.0, 18.700001, 79.400002, 12500.0, 1.0, 51.0, 25645.0, 8460.0, 6.0, 658.0, 2700.0, 19300.0, 11666.0, 19400.0, 1.0 , 7.27, -1.51, -2.09, 3.49, 2720.75, 61.00, 6.53, 101129.36, 0.18, -3.33
10:19:24.97,11.0, 25554.0, 4148.0, 61.0, 18.700001, 79.400002, 10750.0, 1.0, 46.0, 25415.0, 10188.0, 6.0, 658.0, 2640.0, 18900.0, 11773.0, 19300.0, 1.0 , 10.35, 0.53, -0.33, 3.47, 2687.00, 61.01, 6.53, 101137.14, 0.17, -3.35
10:19:25.06,11.0, 25554.0, 4148.0, 61.0, 18.700001, 79.400002, 5750.0, 1.0, 57.0, 25530.0, 8443.0, 6.0, 658.0, 2700.0, 19200.0, 11859.0, 19100.0, 1.0 , 10.32, -0.82, -1.81, 3.47, 2664.75, 61.03, 6.62, 101142.37, 0.16, -3.34
10:19:25.16,11.0, 25554.0, 4148.0, 61.0, 18.700001, 79.400002, 1500.0, 1.0, 60.0, 25530.0, 8799.0, 6.0, 658.0, 2700.0, 19300.0, 11967.0, 19300.0, 1.0 , 9.30, 2.92, 1.78, 3.47, 2655.75, 61.03, 6.59, 101134.52, 0.17, -3.34
10:19:25.25,11.0, 25749.0, 4166.0, 61.0, 18.700001, 79.400002, 3750.0, 1.0, 58.0, 25645.0, 7730.0, 6.0, 620.0, 2620.0, 18700.0, 12053.0, 19300.0, 1.0 , 9.81, -0.35, -2.17, 3.46, 2663.25, 61.02, 6.62, 101135.30, 0.17, -3.35
10:19:25.34,11.0, 25749.0, 4166.0, 61.0, 18.700001, 79.400002, 9250.0, 1.0, 57.0, 25760.0, 6501.0, 6.0, 658.0, 2740.0, 19600.0, 12159.0, 19300.0, 1.0 , 8.66, -0.36, -3.64, 3.47, 2687.75, 61.03, 6.56, 101133.62, 0.17, -3.34
10:19:25.43,11.0, 25749.0, 4166.0, 61.0, 18.700001, 79.400002, 10500.0, 1.0, 63.0, 25530.0, 9191.0, 6.0, 658.0, 2700.0, 19200.0, 12245.0, 19300.0, 1.0 , 8.12, -1.06, -4.58, 3.46, 2717.25, 61.04, 6.65, 101131.79, 0.17, -3.35
10:19:25.53,11.0, 25749.0, 4166.0, 61.0, 18.700001, 79.400002, 7000.0, 1.0, 54.0, 25530.0, 9529.0, 6.0, 658.0, 2680.0, 19100.0, 12353.0, 19100.0, 1.0 , 9.00, 0.35, -1.38, 3.46, 2717.25, 61.03, 6.62, 101135.30, 0.17, -3.35
10:19:25.62,11.0, 25749.0, 4166.0, 61.0, 18.700001, 79.400002, 4000.0, 1.0, 63.0, 25645.0, 8781.0, 6.0, 658.0, 2700.0, 19200.0, 12459.0, 19100.0, 1.0 , 10.64, -2.75, -3.12, 3.45, 2724.25, 61.05, 6.59, 101128.27, 0.18, -3.36
10:19:25.72,11.0, 25749.0, 4166.0, 61.0, 18.700001, 79.400002, 5250.0, 1.0, 57.0, 25415.0, 9511.0, 6.0, 658.0, 2700.0, 19200.0, 12566.0, 19100.0, 1.0 , 9.41, -1.51, -3.00, 3.46, 2724.25, 61.05, 6.65, 101137.03, 0.17, -3.35
10:19:25.82,11.0, 25749.0, 4166.0, 61.0, 18.700001, 79.400002, 15000.0, 1.0, 54.0, 25645.0, 9494.0, 6.0, 658.0, 2680.0, 19100.0, 12674.0, 19100.0, 1.0 , 9.34, -1.23, -1.69, 3.45, 2704.50, 61.04, 6.47, 101128.27, 0.18, -3.36
10:19:25.91,11.0, 25749.0, 4166.0, 61.0, 18.700001, 79.400002, 13500.0, 1.0, 58.0, 25415.0, 9868.0, 6.0, 658.0, 2640.0, 18900.0, 12758.0, 19100.0, 1.0 , 9.05, -0.90, 0.57, 3.46, 2666.50, 61.07, 6.44, 101139.65, 0.17, -3.34
10:19:26.00,11.0, 25749.0, 4166.0, 61.0, 18.700001, 79.400002, 9500.0, 1.0, 49.0, 25530.0, 9030.0, 6.0, 658.0, 2680.0, 19100.0, 12865.0, 19000.0, 1.0 , 9.33, 0.41, -1.34, 3.44, 2644.25, 61.05, 6.59, 101128.16, 0.18, -3.37
10:19:26.09,11.0, 25749.0, 4166.0, 61.0, 18.700001, 79.400002, 2500.0, 1.0, 61.0, 25645.0, 9351.0, 6.0, 658.0, 2700.0, 19300.0, 12973.0, 19000.0, 1.0 , 8.70, -1.26, -3.10, 3.44, 2646.75, 61.07, 6.53, 101131.71, 0.17, -3.36
10:19:26.19,11.0, 25749.0, 4166.0, 61.0, 18.700001, 79.400002, 3500.0, 1.0, 57.0, 25645.0, 8550.0, 6.0, 631.0, 2600.0, 18600.0, 13079.0, 19000.0, 1.0 , 9.95, 1.65, -0.10, 3.43, 2666.75, 61.07, 6.56, 101122.02, 0.18, -3.37
10:19:26.29,11.0, 25749.0, 4166.0, 61.0, 18.700001, 79.400002, 12500.0, 1.0, 60.0, 25530.0, 8407.0, 6.0, 658.0, 2720.0, 19400.0, 13165.0, 19100.0, 1.0 , 8.47, 0.03, -2.34, 3.43, 2712.25, 61.09, 6.56, 101127.27, 0.18, -3.37
10:19:26.38,11.0, 25511.0, 3789.0, 61.0, 18.700001, 79.400002, 13750.0, 1.0, 51.0, 25530.0, 9387.0, 6.0, 658.0, 2700.0, 19200.0, 13272.0, 19100.0, 1.0 , 8.25, 2.12, -1.28, 3.42, 2725.50, 61.07, 6.50, 101128.08, 0.18, -3.38
10:19:26.48,11.0, 25511.0, 3789.0, 61.0, 18.700001, 79.400002, 9500.0, 1.0, 46.0, 25530.0, 9369.0, 6.0, 658.0, 2660.0, 19000.0, 13379.0, 19100.0, 1.0 , 8.84, 2.47, -1.02, 3.43, 2806.00, 61.09, 6.65, 101135.13, 0.17, -3.37
10:19:26.58,11.0, 25511.0, 3789.0, 61.0, 18.700001, 79.400002, 3250.0, 1.0, 61.0, 25530.0, 9137.0, 6.0, 658.0, 2700.0, 19200.0, 13507.0, 19100.0, 1.0 , 7.61, -0.21, -3.43, 3.42, 2836.75, 61.09, 6.50, 101125.47, 0.18, -3.38
10:19:26.69,11.0, 25511.0, 3789.0, 61.0, 18.700001, 79.400002, 11500.0, 1.0, 60.0, 25530.0, 8959.0, 6.0, 658.0, 2700.0, 19300.0, 13616.0, 19100.0, 1.0 , 10.14, 0.18, -1.08, 3.42, 2863.75, 61.09, 6.59, 101125.47, 0.18, -3.38
10:19:26.80,11.0, 25511.0, 3789.0, 61.0, 18.700001, 79.400002, 15000.0, 1.0, 54.0, 25530.0, 10349.0, 6.0, 658.0, 2620.0, 18800.0, 13722.0, 19100.0, 1.0 , 7.69, -1.12, -3.74, 3.42, 2814.75, 61.10, 6.53, 101122.84, 0.18, -3.37
10:19:26.91,11.0, 25511.0, 3789.0, 61.0, 18.700001, 79.400002, 11000.0, 1.0, 58.0, 25645.0, 8532.0, 6.0, 658.0, 2700.0, 19300.0, 13850.0, 19100.0, 1.0 , 10.34, -0.62, -5.30, 3.42, 2856.75, 61.11, 6.47, 101130.70, 0.17, -3.37
10:19:27.01,11.0, 25511.0, 3789.0, 61.0, 18.700001, 79.400002, 4750.0, 1.0, 51.0, 25530.0, 9636.0, 6.0, 658.0, 2660.0, 19000.0, 13958.0, 19100.0, 1.0 , 10.76, 0.53, -1.43, 3.42, 2864.50, 61.10, 6.47, 101127.19, 0.18, -3.37
10:19:27.11,11.0, 25511.0, 3789.0, 61.0, 18.700001, 79.400002, 1250.0, 1.0, 63.0, 25530.0, 9921.0, 6.0, 658.0, 2620.0, 18800.0, 14043.0, 19100.0, 1.0 , 10.91, -0.16, -3.07, 3.41, 2859.00, 61.10, 6.50, 101126.25, 0.18, -3.38
10:19:27.20,11.0, 25511.0, 3789.0, 61.0, 18.700001, 79.400002, 9750.0, 1.0, 60.0, 25530.0, 8567.0, 6.0, 658.0, 2720.0, 19400.0, 14150.0, 19100.0, 1.0 , 8.66, -1.56, -3.46, 3.42, 2860.75, 61.11, 6.53, 101120.22, 0.18, -3.37
10:19:27.30,11.0, 25511.0, 3789.0, 61.0, 18.700001, 79.400002, 12750.0, 1.0, 60.0, 25530.0, 8906.0, 6.0, 658.0, 2680.0, 19100.0, 14258.0, 19100.0, 1.0 , 8.28, -1.80, -3.13, 3.42, 2868.25, 61.12, 6.62, 101125.47, 0.18, -3.37
10:19:27.39,11.0, 25511.0, 3789.0, 61.0, 18.700001, 79.400002, 9750.0, 1.0, 54.0, 25415.0, 10170.0, 6.0, 658.0, 2640.0, 18900.0, 14363.0, 19100.0, 1.0 , 9.18, 0.81, 0.39, 3.41, 2854.25, 61.11, 6.56, 101126.25, 0.18, -3.38
10:19:27.49,11.0, 25511.0, 3789.0, 61.0, 18.700001, 79.400002, 4500.0, 1.0, 49.0, 25530.0, 8906.0, 6.0, 658.0, 2660.0, 19000.0, 14449.0, 19100.0, 1.0 , 8.33, 1.78, -0.17, 3.41, 2848.25, 61.13, 6.56, 101125.35, 0.18, -3.38
10:19:27.58,11.0, 25475.0, 4408.0, 61.0, 18.6, 79.400002, 1500.0, 1.0, 58.0, 25530.0, 8870.0, 6.0, 658.0, 2720.0, 19400.0, 14557.0, 19100.0, 1.0 , 8.63, -0.25, 0.26, 3.41, 2848.25, 61.13, 6.47, 101117.49, 0.19, -3.38
10:19:27.67,11.0, 25475.0, 4408.0, 61.0, 18.6, 79.400002, 6500.0, 1.0, 63.0, 25875.0, 5931.0, 6.0, 627.0, 2620.0, 18800.0, 14663.0, 19100.0, 1.0 , 9.34, -2.45, -2.62, 3.41, 2805.50, 61.14, 6.50, 101121.02, 0.18, -3.37
10:19:27.77,11.0, 25475.0, 4408.0, 61.0, 18.6, 79.400002, 11750.0, 1.0, 52.0, 25530.0, 8941.0, 6.0, 658.0, 2700.0, 19300.0, 14749.0, 19300.0, 1.0 , 7.59, -2.33, -1.59, 3.40, 2849.50, 61.15, 6.47, 101127.08, 0.18, -3.38
10:19:27.88,11.0, 25475.0, 4408.0, 61.0, 18.6, 79.400002, 8750.0, 1.0, 51.0, 25645.0, 8977.0, 6.0, 658.0, 2680.0, 19100.0, 14878.0, 19100.0, 1.0 , 8.54, -0.23, -2.88, 3.41, 2858.50, 61.16, 6.56, 101125.35, 0.18, -3.37
10:19:27.98,11.0, 25475.0, 4408.0, 61.0, 18.6, 79.400002, 4000.0, 1.0, 46.0, 25530.0, 9939.0, 6.0, 658.0, 2620.0, 18800.0, 14985.0, 19100.0, 1.0 , 8.89, -1.98, -1.47, 3.40, 2872.50, 61.16, 6.65, 101121.84, 0.18, -3.38
10:19:28.08,11.0, 25475.0, 4408.0, 61.0, 18.6, 79.400002, 500.0, 1.0, 58.0, 25530.0, 9298.0, 6.0, 658.0, 2700.0, 19200.0, 15091.0, 19000.0, 1.0 , 12.01, 1.25, -0.67, 3.41, 2889.25, 61.16, 6.50, 101130.59, 0.17, -3.37
10:19:28.18,11.0, 25475.0, 4408.0, 61.0, 18.6, 79.400002, 7500.0, 1.0, 63.0, 25530.0, 8122.0, 6.0, 647.0, 2660.0, 19000.0, 15198.0, 19100.0, 1.0 , 8.42, -0.80, -0.79, 3.40, 2916.75, 61.17, 6.56, 101127.08, 0.18, -3.38
10:19:28.27,11.0, 25475.0, 4408.0, 61.0, 18.6, 79.400002, 10750.0, 1.0, 52.0, 25530.0, 10260.0, 6.0, 658.0, 2640.0, 18900.0, 15304.0, 19100.0, 1.0 , 8.77, -1.10, -2.82, 3.40, 2937.75, 61.18, 6.56, 101128.80, 0.18, -3.37
10:19:28.37,11.0, 25475.0, 4408.0, 61.0, 18.6, 79.400002, 9000.0, 1.0, 49.0, 25530.0, 9690.0, 6.0, 658.0, 2660.0, 19000.0, 15410.0, 19000.0, 1.0 , 10.07, -0.40, -1.24, 3.40, 2936.75, 61.20, 6.56, 101139.27, 0.17, -3.37
10:19:28.47,11.0, 25475.0, 4408.0, 61.0, 18.6, 79.400002, 3750.0, 1.0, 46.0, 25530.0, 8977.0, 6.0, 658.0, 2700.0, 19300.0, 15496.0, 19000.0, 1.0 , 10.01, -1.11, -1.31, 3.41, 2938.50, 61.19, 6.56, 101135.83, 0.17, -3.36
10:19:28.56,11.0, 25475.0, 4408.0, 61.0, 18.6, 79.400002, 3500.0, 1.0, 58.0, 25415.0, 9672.0, 6.0, 658.0, 2660.0, 19000.0, 15624.0, 19000.0, 1.0 , 11.22, -2.06, -2.53, 3.39, 2941.75, 61.20, 6.41, 101130.52, 0.18, -3.38
10:19:28.67,11.0, 25475.0, 4408.0, 61.0, 18.6, 79.400002, 12500.0, 1.0, 52.0, 25415.0, 9707.0, 6.0, 658.0, 2660.0, 19000.0, 15730.0, 19100.0, 1.0 , 8.54, -0.19, -1.58, 3.39, 2942.50, 61.19, 6.56, 101125.27, 0.18, -3.38
10:19:28.76,11.0, 25475.0, 4408.0, 61.0, 18.6, 79.400002, 13750.0, 1.0, 54.0, 25645.0, 9102.0, 6.0, 658.0, 2660.0, 19200.0, 15816.0, 19000.0, 1.0 , 11.57, -1.50, -1.76, 3.38, 2949.00, 61.21, 6.59, 101127.78, 0.18, -3.39
10:19:28.86,11.0, 25528.0, 4219.0, 61.0, 18.6, 79.300003, 9500.0, 1.0, 63.0, 25530.0, 9209.0, 6.0, 658.0, 2660.0, 19000.0, 15922.0, 19000.0, 1.0 , 10.81, 1.14, -1.18, 3.38, 2960.75, 61.21, 6.56, 101128.68, 0.18, -3.39
10:19:28.95,11.0, 25528.0, 4219.0, 61.0, 18.6, 79.300003, 2500.0, 1.0, 43.0, 25415.0, 10260.0, 6.0, 658.0, 2640.0, 18900.0, 16027.0, 19000.0, 1.0 , 9.40, 0.98, 0.03, 3.39, 2982.00, 61.22, 6.56, 101150.53, 0.16, -3.38
10:19:29.05,11.0, 25528.0, 4219.0, 61.0, 18.6, 79.300003, 1250.0, 1.0, 55.0, 25645.0, 9120.0, 6.0, 658.0, 2660.0, 19000.0, 16134.0, 19000.0, 1.0 , 8.48, -0.61, -3.38, 3.38, 3014.75, 61.23, 6.53, 101156.59, 0.15, -3.38
10:19:29.14,11.0, 25528.0, 4219.0, 61.0, 18.6, 79.300003, 8250.0, 1.0, 60.0, 25415.0, 9885.0, 6.0, 646.0, 2620.0, 18700.0, 16218.0, 18900.0, 1.0 , 11.04, -0.65, -2.81, 3.37, 3040.75, 61.23, 6.68, 101146.94, 0.16, -3.39
10:19:29.24,11.0, 25528.0, 4219.0, 61.0, 18.6, 79.300003, 8500.0, 1.0, 57.0, 25530.0, 9547.0, 6.0, 646.0, 2600.0, 18600.0, 16322.0, 18800.0, 1.0 , 10.08, 1.88, -1.47, 3.37, 3064.25, 61.23, 6.62, 101146.94, 0.16, -3.39
10:19:29.34,11.0, 25528.0, 4219.0, 61.0, 18.6, 79.300003, 4000.0, 1.0, 57.0, 25415.0, 9903.0, 6.0, 650.0, 2620.0, 18800.0, 16428.0, 18900.0, 1.0 , 10.63, 1.36, -3.33, 3.38, 3098.25, 61.25, 6.65, 101143.50, 0.16, -3.38
10:19:29.43,11.0, 25528.0, 4219.0, 61.0, 18.6, 79.300003, 2250.0, 1.0, 60.0, 25530.0, 10634.0, 6.0, 646.0, 2600.0, 18600.0, 16533.0, 18900.0, 1.0 , 10.80, 0.09, -0.93, 3.36, 3055.50, 61.25, 6.62, 101142.48, 0.16, -3.40
10:19:29.53,11.0, 25528.0, 4219.0, 61.0, 18.6, 79.300003, 1250.0, 1.0, 54.0, 25990.0, 3687.0, 6.0, 543.0, 2480.0, 17600.0, 16614.0, 18900.0, 1.0 , 8.19, 0.69, -1.38, 3.36, 3055.50, 61.26, 6.62, 101145.11, 0.16, -3.39
10:19:29.62,11.0, 25528.0, 4219.0, 61.0, 18.6, 79.300003, 5250.0, 1.0, 74.0, 26220.0, 1068.0, 6.0, 564.0, 2620.0, 18700.0, 16716.0, 18900.0, 1.0 , 9.91, -1.44, -1.73, 3.35, 3098.75, 61.27, 6.65, 101141.59, 0.17, -3.40
10:19:29.76,11.0, 25528.0, 4219.0, 61.0, 18.6, 79.300003, 6250.0, 1.0, 54.0, 25760.0, 7196.0, 6.0, 630.0, 2600.0, 18600.0, 16864.0, 18500.0, 1.0 , 9.03, 1.43, -2.85, 3.34, 3150.00, 61.25, 6.47, 101142.41, 0.16, -3.42
10:19:29.86,11.0, 25528.0, 4219.0, 61.0, 18.6, 79.300003, 3000.0, 1.0, 60.0, 25645.0, 8033.0, 6.0, 630.0, 2560.0, 18300.0, 16966.0, 18400.0, 1.0 , 11.50, 2.69, -0.94, 3.34, 3145.50, 61.28, 6.44, 101160.73, 0.15, -3.41
10:19:29.96,11.0, 25528.0, 4219.0, 61.0, 18.6, 79.300003, 250.0, 1.0, 45.0, 25760.0, 7712.0, 6.0, 630.0, 2580.0, 18400.0, 17069.0, 18400.0, 1.0 , 11.18, 0.04, -3.30, 3.34, 3264.00, 61.28, 6.68, 101149.33, 0.16, -3.41
10:19:30.06,11.0, 25492.0, 4639.0, 61.0, 18.6, 79.300003, 250.0, 1.0, 54.0, 26105.0, 2565.0, 6.0, 541.0, 2580.0, 18500.0, 17171.0, 18400.0, 1.0 , 10.37, -2.98, -3.30, 3.34, 3338.25, 61.30, 6.62, 101138.86, 0.17, -3.41
10:19:30.16,11.0, 25492.0, 4639.0, 61.0, 18.6, 79.300003, 250.0, 1.0, 45.0, 26335.0, 659.0, 6.0, 538.0, 2640.0, 18900.0, 17277.0, 18400.0, 1.0 , 8.63, 0.56, -2.36, 3.33, 3385.75, 61.33, 6.59, 101139.67, 0.17, -3.41
10:19:30.25,11.0, 25492.0, 4639.0, 61.0, 18.6, 79.300003, 250.0, 1.0, 49.0, 26335.0, 516.0, 6.0, 538.0, 2620.0, 18800.0, 17383.0, 18200.0, 1.0 , 8.56, -0.71, -2.18, 3.33, 3420.00, 61.33, 6.62, 101137.06, 0.17, -3.41
10:19:30.35,11.0, 25492.0, 4639.0, 61.0, 18.6, 79.300003, 250.0, 1.0, 54.0, 26335.0, 53.0, 6.0, 0.0, 0.0, 0.0, 17485.0, 18100.0, 1.0 , 10.74, -1.51, -2.23, 3.32, 3420.00, 61.33, 6.53, 101151.87, 0.16, -3.42
10:19:30.45,11.0, 25492.0, 4639.0, 61.0, 18.6, 79.300003, 250.0, 1.0, 34.0, 26335.0, 17.0, 6.0, 0.0, 0.0, 0.0, 17565.0, 18100.0, 1.0 , 10.09, 1.33, -1.31, 3.32, 3441.75, 61.33, 6.56, 101156.20, 0.15, -3.42
10:19:30.54,11.0, 25492.0, 4639.0, 61.0, 18.6, 79.300003, 250.0, 1.0, 40.0, 26335.0, 0.0, 6.0, 0.0, 0.0, 0.0, 17612.0, 18100.0, 1.0 , 10.10, -2.72, -3.77, 3.31, 3476.00, 61.34, 6.56, 101147.42, 0.16, -3.42
10:19:30.64,11.0, 25492.0, 4639.0, 61.0, 18.6, 79.300003, 250.0, 1.0, 44.0, 26335.0, 0.0, 6.0, 0.0, 0.0, 0.0, 17651.0, 17800.0, 1.0 , 11.06, 0.69, -0.80, 3.31, 3495.00, 61.34, 6.50, 101133.42, 0.17, -3.42
10:19:30.74,11.0, 25492.0, 4639.0, 61.0, 18.6, 79.300003, 500.0, 1.0, 26.0, 26335.0, 0.0, 6.0, 0.0, 0.0, 0.0, 17675.0, 17700.0, 1.0 , 8.83, 1.34, -1.48, 3.30, 3512.25, 61.36, 6.47, 101140.38, 0.17, -3.43
10:19:30.83,11.0, 25492.0, 4639.0, 61.0, 18.6, 79.300003, 500.0, 1.0, 30.0, 26335.0, 0.0, 6.0, 0.0, 0.0, 0.0, 17690.0, 17500.0, 1.0 , 10.26, -0.51, -1.66, 3.31, 3539.00, 61.35, 6.50, 101142.19, 0.16, -3.42
10:19:30.93,11.0, 25492.0, 4639.0, 61.0, 18.6, 79.300003, 500.0, 1.0, 33.0, 26335.0, 0.0, 6.0, 0.0, 0.0, 0.0, 17696.0, 17400.0, 1.0 , 8.73, -0.73, -0.63, 3.31, 3584.00, 61.35, 6.53, 101141.28, 0.17, -3.42
10:19:31.02,11.0, 25492.0, 4639.0, 61.0, 18.6, 79.300003, 500.0, 1.0, 28.0, 26450.0, 0.0, 6.0, 0.0, 0.0, 0.0, 17699.0, 17400.0, 1.0 , 9.79, 0.46, -1.38, 3.29, 3650.50, 61.36, 6.53, 101139.48, 0.17, -3.44
10:19:31.12,11.0, 25492.0, 4639.0, 61.0, 18.6, 79.300003, 500.0, 1.0, 35.0, 26450.0, 0.0, 6.0, 0.0, 0.0, 0.0, 17699.0, 17300.0, 1.0 , 9.81, -2.05, -3.36, 3.29, 3695.75, 61.36, 6.47, 101144.72, 0.16, -3.44
10:19:31.22,11.0, 26090.0, 349.0, 61.0, 18.6, 79.300003, 500.0, 1.0, 27.0, 26450.0, 0.0, 6.0, 0.0, 0.0, 0.0, 17699.0, 17100.0, 1.0 , 9.51, -0.40, -1.56, 3.29, 3735.50, 61.37, 6.53, 101142.11, 0.16, -3.44
10:19:31.31,11.0, 26090.0, 349.0, 61.0, 18.6, 79.300003, 500.0, 1.0, 18.0, 26450.0, 0.0, 6.0, 0.0, 0.0, 0.0, 17699.0, 16900.0, 1.0 , 8.04, 0.29, -2.52, 3.27, 3801.25, 61.40, 6.41, 101134.95, 0.17, -3.45
10:19:31.41,11.0, 26090.0, 349.0, 61.0, 18.6, 79.300003, 500.0, 1.0, 15.0, 26450.0, 0.0, 6.0, 0.0, 0.0, 0.0, 17699.0, 16900.0, 1.0 , 8.80, 0.27, -0.75, 3.28, 3839.75, 61.40, 6.53, 101141.99, 0.16, -3.44
10:19:31.50,11.0, 26090.0, 349.0, 61.0, 18.6, 79.300003, 500.0, 1.0, 10.0, 26450.0, 0.0, 6.0, 0.0, 0.0, 0.0, 17699.0, 16800.0, 1.0 , 9.63, 0.39, -1.71, 3.26, 3816.25, 61.40, 6.53, 101134.06, 0.17, -3.46
10:19:31.59,11.0, 26090.0, 349.0, 61.0, 18.6, 79.300003, 250.0, 1.0, 10.0, 26450.0, 17.0, 6.0, 0.0, 0.0, 0.0, 17699.0, 16700.0, 1.0 , 7.82, -1.47, -2.99, 3.27, 3807.25, 61.43, 6.47, 101138.47, 0.17, -3.44
10:19:31.69,11.0, 26090.0, 349.0, 61.0, 18.6, 79.300003, 250.0, 1.0, 11.0, 26450.0, 0.0, 6.0, 0.0, 0.0, 0.0, 17699.0, 16600.0, 1.0 , 8.06, 0.90, -1.22, 3.26, 3807.25, 61.43, 6.59, 101135.78, 0.17, -3.45
10:19:31.79,11.0, 26090.0, 349.0, 61.0, 18.6, 79.300003, 500.0, 1.0, 11.0, 26450.0, 0.0, 6.0, 0.0, 0.0, 0.0, 17699.0, 16500.0, 1.0 , 8.33, -0.95, -1.68, 3.26, 3823.50, 61.45, 6.44, 101143.63, 0.16, -3.45
10:19:31.88,11.0, 26090.0, 349.0, 61.0, 18.6, 79.300003, 500.0, 1.0, 11.0, 26450.0, 0.0, 6.0, 0.0, 0.0, 0.0, 17699.0, 16500.0, 1.0 , 8.86, -0.63, -1.83, 3.27, 3836.75, 61.47, 6.59, 101148.05, 0.16, -3.43
10:19:31.97,11.0, 26090.0, 349.0, 61.0, 18.6, 79.300003, 250.0, 1.0, 11.0, 26450.0, 0.0, 6.0, 0.0, 0.0, 0.0, 17699.0, 16300.0, 1.0 , 9.14, -0.24, -2.39, 3.26, 3846.50, 61.47, 6.56, 101138.40, 0.17, -3.44
10:19:32.07,11.0, 26090.0, 349.0, 61.0, 18.6, 79.300003, 500.0, 1.0, 11.0, 26450.0, 0.0, 6.0, 0.0, 0.0, 0.0, 17699.0, 16300.0, 1.0 , 9.95, -1.07, -1.53, 3.25, 3885.50, 61.47, 6.47, 101132.23, 0.17, -3.45
10:19:32.16,11.0, 26090.0, 349.0, 61.0, 18.6, 79.300003, 250.0, 1.0, 0.0, 26450.0, 0.0, 6.0, 0.0, 0.0, 0.0, 17699.0, 16300.0, 1.0 , 10.21, -0.93, -0.90, 3.25, 3956.25, 61.47, 6.44, 101131.33, 0.17, -3.45
10:19:32.25,11.0, 26090.0, 349.0, 61.0, 18.6, 79.300003, 250.0, 1.0, 0.0, 26450.0, 0.0, 6.0, 0.0, 0.0, 0.0, 17699.0, 16100.0, 1.0 , 8.99, -1.32, -2.89, 3.25, 4023.00, 61.49, 6.53, 101132.23, 0.17, -3.45
10:19:32.35,11.0, 26090.0, 349.0, 61.0, 18.6, 79.300003, 500.0, 1.0, 0.0, 26450.0, 0.0, 6.0, 0.0, 0.0, 0.0, 17699.0, 15800.0, 1.0 , 9.85, -0.05, 1.98, 3.25, 4092.50, 61.51, 6.47, 101132.23, 0.17, -3.44
10:19:32.44,11.0, 26127.0, 195.0, 61.0, 18.6, 79.300003, 500.0, 1.0, 0.0, 26450.0, 0.0, 6.0, 0.0, 0.0, 0.0, 17699.0, 15600.0, 1.0 , 9.47, -1.21, 1.89, 3.24, 4160.50, 61.52, 6.59, 101130.42, 0.18, -3.45
10:19:32.53,11.0, 26127.0, 195.0, 61.0, 18.6, 79.300003, 500.0, 1.0, 0.0, 26450.0, 17.0, 6.0, 0.0, 0.0, 0.0, 17699.0, 15200.0, 1.0 , 10.33, -0.54, 0.66, 3.23, 4226.50, 61.52, 7.50, 101125.08, 0.18, -3.46
10:19:32.62,11.0, 26127.0, 195.0, 61.0, 18.6, 79.300003, 250.0, 1.0, 0.0, 26450.0, 0.0, 6.0, 0.0, 0.0, 0.0, 17699.0, 14900.0, 1.0 , 9.76, -1.71, 1.17, 3.24, 4301.50, 61.54, 7.59, 101124.30, 0.18, -3.45
10:19:32.71,11.0, 26127.0, 195.0, 61.0, 18.6, 79.300003, 250.0, 1.0, 0.0, 26450.0, 0.0, 6.0, 0.0, 0.0, 0.0, 17699.0, 14500.0, 1.0 , 9.66, 0.03, 3.17, 3.23, 4301.50, 61.54, 7.59, 101130.31, 0.18, -3.46
10:19:32.81,11.0, 26127.0, 195.0, 61.0, 18.6, 79.300003, 250.0, 1.0, 0.0, 26450.0, 0.0, 6.0, 0.0, 0.0, 0.0, 17699.0, 14300.0, 1.0 , 8.07, -0.80, 4.03, 3.24, 4405.25, 61.54, 7.68, 101126.91, 0.18, -3.45
10:19:32.90,11.0, 26127.0, 195.0, 61.0, 18.6, 79.300003, 250.0, 1.0, 0.0, 26450.0, 17.0, 6.0, 0.0, 0.0, 0.0, 17699.0, 13800.0, 1.0 , 5.78, -2.30, -0.94, 3.23, 4521.50, 61.53, 7.50, 101126.02, 0.18, -3.46
10:19:33.00,11.0, 26127.0, 195.0, 61.0, 18.6, 79.300003, 250.0, 1.0, 0.0, 26450.0, 0.0, 6.0, 0.0, 0.0, 0.0, 17699.0, 13600.0, 1.0 , 10.13, 0.00, 0.27, 3.22, 4601.50, 61.54, 7.55, 101124.19, 0.18, -3.47
10:19:33.12,11.0, 26127.0, 195.0, 61.0, 18.6, 79.300003, 250.0, 1.0, 0.0, 26450.0, 0.0, 6.0, 0.0, 0.0, 0.0, 17699.0, 13300.0, 1.0 , 8.54, 1.49, -0.42, 3.22, 4657.50, 61.53, 7.64, 101125.90, 0.18, -3.47
10:19:33.23,11.0, 26127.0, 195.0, 61.0, 18.6, 79.300003, 250.0, 1.0, 0.0, 26450.0, 0.0, 6.0, 0.0, 0.0, 0.0, 17699.0, 13100.0, 1.0 , 9.45, 0.73, -1.51, 3.23, 4714.50, 61.54, 7.83, 101122.46, 0.18, -3.46
10:19:33.33,11.0, 26127.0, 195.0, 61.0, 18.6, 79.300003, 250.0, 1.0, 0.0, 26450.0, 0.0, 6.0, 0.0, 0.0, 0.0, 17699.0, 13000.0, 1.0 , 11.22, -0.87, -1.17, 3.22, 4691.50, 61.54, 7.46, 101125.90, 0.18, -3.47
10:19:33.42,11.0, 26127.0, 195.0, 61.0, 18.6, 79.300003, 500.0, 1.0, 0.0, 26450.0, 0.0, 6.0, 0.0, 0.0, 0.0, 17699.0, 13000.0, 1.0 , 13.10, -2.53, -0.65, 3.21, 4774.25, 61.54, 7.59, 101130.23, 0.18, -3.48
10:19:33.52,11.0, 26127.0, 195.0, 61.0, 18.6, 79.300003, 500.0, 1.0, 0.0, 26450.0, 0.0, 6.0, 0.0, 0.0, 0.0, 17699.0, 12900.0, 1.0 , 5.09, -3.09, -3.17, 3.20, 4753.75, 61.53, 7.64, 101119.66, 0.18, -3.49
10:19:33.61,11.0, 26140.0, 193.0, 61.0, 18.6, 79.300003, 500.0, 1.0, 3.0, 26450.0, 0.0, 6.0, 0.0, 0.0, 0.0, 17699.0, 13000.0, 1.0 , 10.13, 0.92, -0.98, 3.20, 4777.50, 61.53, 7.64, 101117.94, 0.19, -3.49
10:19:33.71,11.0, 26140.0, 193.0, 61.0, 18.6, 79.300003, 750.0, 1.0, 3.0, 26450.0, 0.0, 6.0, 0.0, 0.0, 0.0, 17699.0, 13000.0, 1.0 , 10.84, -2.40, 1.86, 3.20, 4803.25, 61.52, 7.68, 101120.55, 0.18, -3.49
10:19:33.80,11.0, 26140.0, 193.0, 61.0, 18.6, 79.300003, 750.0, 1.0, 18.0, 26450.0, 0.0, 6.0, 0.0, 0.0, 0.0, 17699.0, 13000.0, 1.0 , 10.97, -0.75, -2.13, 3.20, 4858.25, 61.52, 7.46, 101117.94, 0.19, -3.49
10:19:33.90,11.0, 26140.0, 193.0, 61.0, 18.6, 79.300003, 1000.0, 1.0, 27.0, 26450.0, 35.0, 6.0, 0.0, 0.0, 0.0, 17699.0, 13000.0, 1.0 , 1.78, -0.72, -0.97, 3.20, 4921.00, 61.53, 7.68, 101122.27, 0.18, -3.49
10:19:34.00,11.0, 26140.0, 193.0, 61.0, 18.6, 79.300003, 9750.0, 1.0, 27.0, 26450.0, 0.0, 6.0, 0.0, 0.0, 0.0, 17699.0, 13000.0, 1.0 , 0.42, -3.07, -3.53, 3.20, 4997.50, 61.52, 7.78, 101117.03, 0.19, -3.49
10:19:34.09,11.0, 26140.0, 193.0, 61.0, 18.6, 79.300003, 30000.0, 1.0, 36.0, 26335.0, 694.0, 6.0, 129.0, 360.0, 2500.0, 17700.0, 12700.0, 1.0 , 9.04, -0.72, -1.40, 3.20, 4961.75, 61.52, 7.68, 101114.42, 0.19, -3.49
10:19:34.19,11.0, 26140.0, 193.0, 61.0, 18.6, 79.300003, 27000.0, 1.0, 49.0, 24840.0, 19415.0, 6.0, 658.0, 2260.0, 16200.0, 17775.0, 12300.0, 1.0 , 2.30, 0.47, -5.27, 3.19, 4869.25, 61.52, 7.64, 101121.37, 0.18, -3.50
10:19:34.28,11.0, 26140.0, 193.0, 61.0, 18.6, 79.300003, 15750.0, 1.0, 41.0, 24495.0, 24955.0, 6.0, 658.0, 2200.0, 15700.0, 17843.0, 11800.0, 1.0 , 11.05, 0.42, 0.61, 3.19, 4806.00, 61.52, 7.59, 101121.37, 0.18, -3.50
10:19:34.37,11.0, 26140.0, 193.0, 61.0, 18.6, 79.300003, 8250.0, 1.0, 40.0, 24725.0, 19112.0, 6.0, 658.0, 2300.0, 16400.0, 17933.0, 11100.0, 1.0 , 14.61, -2.16, 2.33, 3.18, 4745.50, 61.51, 7.83, 101122.19, 0.18, -3.51
10:19:34.47,11.0, 26140.0, 193.0, 61.0, 18.6, 79.300003, 5000.0, 1.0, 37.0, 25415.0, 11560.0, 6.0, 580.0, 2220.0, 15900.0, 18023.0, 11000.0, 1.0 , 8.97, -0.62, -3.03, 3.19, 4684.25, 61.52, 7.42, 101117.86, 0.19, -3.50
10:19:34.56,11.0, 26140.0, 193.0, 61.0, 18.6, 79.300003, 12750.0, 1.0, 48.0, 25415.0, 11221.0, 6.0, 612.0, 2300.0, 16400.0, 18096.0, 11100.0, 1.0 , 7.67, -0.57, -2.12, 3.18, 4684.25, 61.52, 7.55, 101113.41, 0.19, -3.51
10:19:34.66,11.0, 26140.0, 193.0, 61.0, 18.6, 79.300003, 16000.0, 1.0, 45.0, 25070.0, 14944.0, 6.0, 649.0, 2320.0, 16500.0, 18187.0, 11200.0, 1.0 , 8.62, -0.16, -1.95, 3.18, 4734.75, 61.51, 7.64, 101113.41, 0.19, -3.51
10:19:34.76,11.0, 26140.0, 193.0, 61.0, 18.6, 79.300003, 18750.0, 1.0, 45.0, 24725.0, 18525.0, 6.0, 658.0, 2320.0, 16500.0, 18280.0, 11700.0, 1.0 , 10.05, -4.50, -6.51, 3.17, 4717.75, 61.50, 7.64, 101112.51, 0.19, -3.52
10:19:34.85,11.0, 26153.0, 195.0, 61.0, 18.6, 79.300003, 11750.0, 1.0, 51.0, 24840.0, 18346.0, 6.0, 657.0, 2320.0, 16500.0, 18372.0, 11800.0, 1.0 , 10.19, -1.61, -1.48, 3.18, 4599.25, 61.51, 7.50, 101121.26, 0.18, -3.51
10:19:34.95,11.0, 26153.0, 195.0, 61.0, 18.6, 79.300003, 5000.0, 1.0, 37.0, 24840.0, 16921.0, 6.0, 658.0, 2380.0, 16900.0, 18466.0, 11800.0, 1.0 , 12.00, -1.48, -3.55, 3.17, 4486.50, 61.51, 7.59, 101120.36, 0.18, -3.52
10:19:35.05,11.0, 26153.0, 195.0, 61.0, 18.6, 79.300003, 3500.0, 1.0, 48.0, 25300.0, 14463.0, 6.0, 658.0, 2440.0, 17400.0, 18543.0, 11800.0, 1.0 , 8.05, -0.53, -2.85, 3.17, 4444.00, 61.51, 7.59, 101119.46, 0.19, -3.52
10:19:35.14,11.0, 26153.0, 195.0, 61.0, 18.6, 79.300003, 10500.0, 1.0, 60.0, 25070.0, 14428.0, 6.0, 658.0, 2440.0, 17400.0, 18641.0, 12200.0, 1.0 , 7.64, -0.87, -3.06, 3.16, 4333.00, 61.52, 7.50, 101117.66, 0.19, -3.53
10:19:35.23,11.0, 26153.0, 195.0, 61.0, 18.6, 79.300003, 12500.0, 1.0, 52.0, 25070.0, 13590.0, 6.0, 658.0, 2480.0, 17800.0, 18741.0, 12200.0, 1.0 , 9.15, 0.12, -2.66, 3.17, 4262.25, 61.51, 7.59, 101119.46, 0.19, -3.52
10:19:35.33,11.0, 26153.0, 195.0, 61.0, 18.6, 79.300003, 9750.0, 1.0, 54.0, 25415.0, 13288.0, 6.0, 648.0, 2460.0, 17500.0, 18839.0, 12400.0, 1.0 , 8.31, -0.60, -2.58, 3.16, 4241.00, 61.51, 7.59, 101123.80, 0.18, -3.53
10:19:35.44,11.0, 26153.0, 195.0, 61.0, 18.6, 79.300003, 4000.0, 1.0, 40.0, 25300.0, 13484.0, 6.0, 655.0, 2460.0, 17600.0, 18939.0, 12500.0, 1.0 , -1.60, -2.56, -8.89, 3.16, 4288.00, 61.53, 7.59, 101125.52, 0.18, -3.53
10:19:35.54,11.0, 26153.0, 195.0, 61.0, 18.6, 79.300003, 2000.0, 1.0, 49.0, 25070.0, 13074.0, 6.0, 655.0, 2480.0, 17800.0, 19038.0, 12800.0, 1.0 , 10.85, -2.23, -3.91, 3.15, 4255.50, 61.53, 7.33, 101113.21, 0.19, -3.53
10:19:35.63,11.0, 26153.0, 195.0, 61.0, 18.6, 79.300003, 8250.0, 1.0, 59.0, 25415.0, 11756.0, 6.0, 658.0, 2560.0, 18300.0, 19139.0, 12800.0, 1.0 , 0.88, -1.76, -3.30, 3.16, 4368.75, 61.53, 7.68, 101112.42, 0.19, -3.53
10:19:35.73,11.0, 26153.0, 195.0, 61.0, 18.6, 79.300003, 10750.0, 1.0, 52.0, 25300.0, 11542.0, 6.0, 656.0, 2560.0, 18300.0, 19242.0, 12800.0, 1.0 , 8.04, -0.46, -3.12, 3.15, 4484.25, 61.55, 7.55, 101116.73, 0.19, -3.53
10:19:35.82,11.0, 26153.0, 195.0, 61.0, 18.6, 79.300003, 8500.0, 1.0, 51.0, 25415.0, 10117.0, 6.0, 658.0, 2620.0, 18700.0, 19325.0, 12900.0, 1.0 , 17.10, 1.65, -3.17, 3.15, 4589.75, 61.54, 7.83, 101113.21, 0.19, -3.53
10:19:35.91,11.0, 26153.0, 195.0, 61.0, 18.6, 79.300003, 4250.0, 1.0, 56.0, 25415.0, 11115.0, 6.0, 658.0, 2580.0, 18400.0, 19427.0, 13000.0, 1.0 , 6.59, -0.62, -3.16, 3.16, 4498.50, 61.56, 7.68, 101128.14, 0.18, -3.52
10:19:36.01,11.0, 25239.0, 6979.0, 61.0, 18.6, 79.300003, 250.0, 1.0, 49.0, 25415.0, 10634.0, 6.0, 635.0, 2600.0, 18500.0, 19530.0, 13200.0, 1.0 , 8.67, 0.11, -1.60, 3.16, 4498.50, 61.55, 7.73, 101118.56, 0.19, -3.52
10:19:36.10,11.0, 25239.0, 6979.0, 61.0, 18.6, 79.300003, 2250.0, 1.0, 60.0, 26105.0, 2155.0, 6.0, 551.0, 2540.0, 18100.0, 19611.0, 13200.0, 1.0 , 11.31, -0.43, -2.07, 3.16, 4583.25, 61.56, 7.68, 101129.03, 0.18, -3.52
10:19:36.19,11.0, 25239.0, 6979.0, 61.0, 18.6, 79.300003, 8750.0, 1.0, 66.0, 25760.0, 6180.0, 6.0, 653.0, 2720.0, 19400.0, 19718.0, 13300.0, 1.0 , 8.31, -0.96, -2.62, 3.15, 4584.25, 61.56, 7.68, 101114.11, 0.19, -3.53
10:19:36.29,11.0, 25239.0, 6979.0, 61.0, 18.6, 79.300003, 6750.0, 1.0, 60.0, 25530.0, 10527.0, 6.0, 647.0, 2580.0, 18400.0, 19822.0, 13300.0, 1.0 , 13.77, 0.45, -3.43, 3.16, 4579.75, 61.57, 7.55, 101118.56, 0.19, -3.52
10:19:36.38,11.0, 25239.0, 6979.0, 61.0, 18.6, 79.300003, 5500.0, 1.0, 54.0, 25415.0, 9957.0, 6.0, 658.0, 2640.0, 18900.0, 19907.0, 13300.0, 1.0 , 9.85, 1.44, -3.98, 3.15, 4588.00, 61.59, 7.73, 101116.73, 0.19, -3.52
10:19:36.48,11.0, 25239.0, 6979.0, 61.0, 18.6, 79.300003, 3000.0, 1.0, 46.0, 25415.0, 9921.0, 6.0, 658.0, 2660.0, 19000.0, 20013.0, 13500.0, 1.0 , 7.48, -1.67, -4.41, 3.16, 4625.75, 61.59, 7.64, 101112.42, 0.19, -3.51
10:19:36.57,11.0, 25239.0, 6979.0, 61.0, 18.6, 79.300003, 1500.0, 1.0, 58.0, 25990.0, 5094.0, 6.0, 542.0, 2420.0, 17200.0, 20094.0, 13500.0, 1.0 , 8.07, -0.98, -2.28, 3.15, 4635.25, 61.58, 7.50, 101124.59, 0.18, -3.52
10:19:36.66,11.0, 25239.0, 6979.0, 61.0, 18.6, 79.300003, 8500.0, 1.0, 60.0, 25875.0, 5717.0, 6.0, 632.0, 2660.0, 19000.0, 20197.0, 13500.0, 1.0 , 7.80, -1.62, -3.95, 3.15, 4601.00, 61.58, 7.83, 101116.73, 0.19, -3.52
10:19:36.75,11.0, 25239.0, 6979.0, 61.0, 18.6, 79.300003, 9250.0, 1.0, 54.0, 25530.0, 9690.0, 6.0, 652.0, 2660.0, 19000.0, 20302.0, 13400.0, 1.0 , 9.90, -0.86, -1.85, 3.15, 4581.00, 61.59, 7.68, 101113.21, 0.19, -3.52
10:19:36.85,11.0, 25239.0, 6979.0, 61.0, 18.6, 79.300003, 5250.0, 1.0, 60.0, 25530.0, 9280.0, 6.0, 658.0, 2680.0, 19100.0, 20410.0, 13500.0, 1.0 , 9.06, 0.01, -1.66, 3.15, 4655.00, 61.59, 7.78, 101116.73, 0.19, -3.52
10:19:36.95,11.0, 25239.0, 6979.0, 61.0, 18.6, 79.300003, 1500.0, 1.0, 42.0, 25530.0, 9992.0, 6.0, 658.0, 2640.0, 18900.0, 20516.0, 13500.0, 1.0 , 8.23, 0.58, -1.49, 3.15, 4619.25, 61.60, 7.59, 101116.73, 0.19, -3.52
10:19:37.05,11.0, 25239.0, 6979.0, 61.0, 18.6, 79.300003, 250.0, 1.0, 54.0, 25645.0, 7410.0, 6.0, 603.0, 2580.0, 18400.0, 20621.0, 13500.0, 1.0 , 9.21, -0.26, -2.11, 3.14, 4616.75, 61.61, 7.68, 101112.31, 0.19, -3.53
10:19:37.15,11.0, 25239.0, 6979.0, 61.0, 18.6, 79.300003, 250.0, 1.0, 45.0, 26220.0, 730.0, 6.0, 533.0, 2600.0, 18600.0, 20723.0, 13700.0, 1.0 , 9.34, -0.67, -4.08, 3.15, 4651.25, 61.59, 7.93, 101113.21, 0.19, -3.52
10:19:37.26,11.0, 25488.0, 4110.0, 61.0, 18.6, 79.199997, 250.0, 1.0, 48.0, 26335.0, 587.0, 6.0, 533.0, 2620.0, 18800.0, 20849.0, 13700.0, 1.0 , 6.26, -0.72, -1.57, 3.15, 4693.25, 61.62, 7.88, 101126.30, 0.18, -3.52
10:19:37.41,11.0, 25488.0, 4110.0, 61.0, 18.6, 79.199997, 250.0, 1.0, 51.0, 26335.0, 106.0, 6.0, 0.0, 0.0, 0.0, 20995.0, 13700.0, 1.0 , 9.07, -1.20, -3.22, 3.14, 4714.00, 61.61, 7.59, 101112.31, 0.19, -3.53
10:19:37.51,11.0, 25488.0, 4110.0, 61.0, 18.6, 79.199997, 250.0, 1.0, 45.0, 26450.0, 0.0, 6.0, 0.0, 0.0, 0.0, 21067.0, 13700.0, 1.0 , 9.58, -0.09, -0.89, 3.14, 4671.75, 61.61, 7.64, 101112.31, 0.19, -3.53
10:19:37.60,11.0, 25488.0, 4110.0, 61.0, 18.6, 79.199997, 250.0, 1.0, 52.0, 26450.0, 17.0, 6.0, 0.0, 0.0, 0.0, 21138.0, 13700.0, 1.0 , 7.98, -1.70, -1.73, 3.14, 4646.75, 61.62, 7.68, 101107.08, 0.20, -3.52
10:19:37.69,11.0, 25488.0, 4110.0, 61.0, 18.6, 79.199997, 250.0, 1.0, 49.0, 26450.0, 17.0, 6.0, 0.0, 0.0, 0.0, 21181.0, 13700.0, 1.0 , 8.99, -1.86, -1.91, 3.14, 4554.50, 61.64, 7.73, 101111.42, 0.19, -3.52
10:19:37.78,11.0, 25488.0, 4110.0, 61.0, 18.6, 79.199997, 750.0, 1.0, 45.0, 26450.0, 0.0, 6.0, 0.0, 0.0, 0.0, 21223.0, 13600.0, 1.0 , 8.89, -1.11, -2.08, 3.13, 4580.00, 61.64, 7.88, 101106.97, 0.20, -3.53
10:19:37.87,11.0, 25488.0, 4110.0, 61.0, 18.6, 79.199997, 750.0, 1.0, 45.0, 26450.0, 0.0, 6.0, 0.0, 0.0, 0.0, 21249.0, 13600.0, 1.0 , 9.53, -0.66, -1.19, 3.13, 4513.75, 61.65, 7.73, 101100.05, 0.20, -3.53
10:19:37.96,11.0, 25488.0, 4110.0, 61.0, 18.6, 79.199997, 750.0, 1.0, 37.0, 26450.0, 0.0, 6.0, 0.0, 0.0, 0.0, 21273.0, 13500.0, 1.0 , 10.39, 0.37, -1.25, 3.12, 4513.75, 61.66, 7.88, 101113.02, 0.19, -3.54
10:19:38.05,11.0, 25488.0, 4110.0, 61.0, 18.6, 79.199997, 500.0, 1.0, 43.0, 26450.0, 0.0, 6.0, 0.0, 0.0, 0.0, 21289.0, 13300.0, 1.0 , 10.46, 0.31, -1.40, 3.12, 4460.50, 61.67, 7.64, 101105.17, 0.20, -3.53
10:19:38.14,11.0, 25488.0, 4110.0, 61.0, 18.6, 79.199997, 250.0, 2.0, 0.0, 26450.0, 0.0, 6.0, 0.0, 0.0, 0.0, 21296.0, 13200.0, 1.0 , 9.45, -1.25, -2.58, 3.12, 4386.75, 61.69, 7.59, 101106.07, 0.20, -3.53
10:19:38.23,11.0, 25488.0, 4110.0, 61.0, 18.6, 79.199997, 250.0, 2.0, 21.0, 26450.0, 0.0, 6.0, 0.0, 0.0, 0.0, 21296.0, 12900.0, 1.0 , 11.75, -1.09, -0.89, 3.12, 4450.75, 61.69, 7.78, 101102.55, 0.20, -3.53
10:19:38.33,11.0, 25488.0, 4110.0, 61.0, 18.6, 79.199997, 250.0, 2.0, 27.0, 26450.0, 0.0, 6.0, 0.0, 0.0, 0.0, 21296.0, 12900.0, 1.0 , 7.18, -0.92, -0.63, 3.12, 4449.50, 61.70, 7.59, 101099.94, 0.20, -3.53
10:19:38.43,11.0, 26113.0, 504.0, 61.0, 18.6, 79.199997, 250.0, 2.0, 31.0, 26450.0, 0.0, 6.0, 0.0, 0.0, 0.0, 21296.0, 12700.0, 1.0 , 9.95, -0.06, -2.38, 3.12, 4458.50, 61.70, 7.98, 101097.31, 0.20, -3.53
10:19:38.52,11.0, 26113.0, 504.0, 61.0, 18.6, 79.199997, 250.0, 2.0, 28.0, 26450.0, 0.0, 6.0, 0.0, 0.0, 0.0, 21296.0, 12500.0, 1.0 , 7.20, 0.04, -2.37, 3.12, 4387.25, 61.70, 7.64, 101103.45, 0.20, -3.53
10:19:38.62,11.0, 26113.0, 504.0, 61.0, 18.6, 79.199997, 250.0, 2.0, 32.0, 26450.0, 17.0, 6.0, 0.0, 0.0, 0.0, 21296.0, 12300.0, 1.0 , 10.11, -0.35, -1.96, 3.12, 4285.50, 61.71, 6.44, 101102.55, 0.20, -3.53
10:19:38.71,11.0, 26113.0, 504.0, 61.0, 18.6, 79.199997, 250.0, 1.0, 0.0, 26450.0, 17.0, 6.0, 0.0, 0.0, 0.0, 21296.0, 12200.0, 1.0 , 11.75, 0.14, -0.76, 3.11, 4120.75, 61.70, 6.36, 101101.66, 0.20, -3.54
10:19:38.82,11.0, 26113.0, 504.0, 61.0, 18.6, 79.199997, 750.0, 1.0, 12.0, 26450.0, 0.0, 6.0, 0.0, 0.0, 0.0, 21296.0, 12000.0, 1.0 , 11.02, -0.76, -2.79, 3.12, 3917.75, 61.71, 6.41, 101100.83, 0.20, -3.53
10:19:38.93,11.0, 26113.0, 504.0, 61.0, 18.6, 79.199997, 750.0, 1.0, 18.0, 26450.0, 0.0, 6.0, 0.0, 0.0, 0.0, 21296.0, 11900.0, 1.0 , 14.11, 0.10, -0.86, 3.12, 3670.00, 61.72, 6.56, 101098.22, 0.20, -3.52
10:19:39.02,11.0, 26113.0, 504.0, 61.0, 18.6, 79.199997, 750.0, 1.0, 16.0, 26450.0, 17.0, 6.0, 0.0, 0.0, 0.0, 21296.0, 11800.0, 1.0 , 9.87, -0.64, -1.93, 3.12, 3382.00, 61.72, 6.50, 101100.83, 0.20, -3.52
10:19:39.12,11.0, 26113.0, 504.0, 61.0, 18.6, 79.199997, 750.0, 1.0, 20.0, 26450.0, 0.0, 6.0, 0.0, 0.0, 0.0, 21296.0, 11500.0, 1.0 , 11.29, -0.66, -0.27, 3.11, 3069.50, 61.72, 6.53, 101099.03, 0.20, -3.53
10:19:39.21,11.0, 26113.0, 504.0, 61.0, 18.6, 79.199997, 500.0, 1.0, 20.0, 26450.0, 0.0, 6.0, 0.0, 0.0, 0.0, 21296.0, 11400.0, 1.0 , 7.51, 0.59, -2.52, 3.12, 2744.00, 61.72, 6.59, 101097.31, 0.20, -3.52
10:19:39.31,11.0, 26113.0, 504.0, 61.0, 18.6, 79.199997, 250.0, 2.0, 0.0, 26450.0, 0.0, 6.0, 0.0, 0.0, 0.0, 21296.0, 11400.0, 1.0 , 9.36, -0.11, -1.03, 3.12, 2454.00, 61.73, 6.50, 101095.59, 0.21, -3.52
10:19:39.40,11.0, 26113.0, 504.0, 61.0, 18.6, 79.199997, 250.0, 2.0, 6.0, 26450.0, 0.0, 6.0, 0.0, 0.0, 0.0, 21296.0, 11300.0, 1.0 , 11.32, -0.98, -0.10, 3.12, 2454.00, 61.73, 6.56, 101087.74, 0.21, -3.52
10:19:39.49,11.0, 26113.0, 504.0, 61.0, 18.6, 79.199997, 250.0, 2.0, 7.0, 26450.0, 0.0, 6.0, 0.0, 0.0, 0.0, 21296.0, 11100.0, 1.0 , 15.16, -1.55, -0.49, 3.12, 2168.75, 61.74, 6.81, 101095.59, 0.21, -3.52
10:19:39.58,11.0, 26131.0, 196.0, 61.0, 18.6, 79.199997, 250.0, 2.0, 10.0, 26450.0, 0.0, 6.0, 0.0, 0.0, 0.0, 21296.0, 11000.0, 1.0 , 8.07, -0.62, -0.42, 3.13, 1911.25, 61.76, 7.02, 101096.50, 0.21, -3.50
10:19:39.67,11.0, 26131.0, 196.0, 61.0, 18.6, 79.199997, 250.0, 2.0, 11.0, 26450.0, 0.0, 6.0, 0.0, 0.0, 0.0, 21296.0, 10900.0, 1.0 , 9.95, -0.95, -0.48, 3.12, 1656.25, 61.76, 7.02, 101094.70, 0.21, -3.51
10:19:39.76,11.0, 26131.0, 196.0, 61.0, 18.6, 79.199997, 250.0, 2.0, 11.0, 26450.0, 0.0, 6.0, 0.0, 0.0, 0.0, 21296.0, 10700.0, 1.0 , 7.85, -0.22, -2.39, 3.12, 1436.75, 61.77, 6.99, 101100.83, 0.20, -3.51
10:19:39.86,11.0, 26131.0, 196.0, 61.0, 18.6, 79.199997, 250.0, 1.0, 0.0, 26450.0, 0.0, 6.0, 0.0, 0.0, 0.0, 21296.0, 10600.0, 1.0 , 8.64, -1.83, -1.47, 3.12, 1266.50, 61.79, 7.13, 101103.45, 0.20, -3.51
10:19:39.95,11.0, 26131.0, 196.0, 61.0, 18.6, 79.199997, 250.0, 1.0, 0.0, 26450.0, 17.0, 6.0, 0.0, 0.0, 0.0, 21296.0, 10500.0, 1.0 , 10.51, -1.41, -1.35, 3.13, 1141.50, 61.79, 7.17, 101099.11, 0.20, -3.50
10:19:40.04,11.0, 26131.0, 196.0, 61.0, 18.6, 79.199997, 750.0, 1.0, 4.0, 26450.0, 0.0, 6.0, 0.0, 0.0, 0.0, 21296.0, 10300.0, 1.0 , 10.64, -0.16, -0.87, 3.12, 1028.25, 61.78, 7.33, 101095.59, 0.21, -3.51
10:19:40.13,11.0, 26131.0, 196.0, 61.0, 18.6, 79.199997, 500.0, 1.0, 6.0, 26450.0, 0.0, 6.0, 0.0, 0.0, 0.0, 21296.0, 10300.0, 1.0 , 8.39, -0.39, -1.00, 3.13, 1028.25, 61.79, 7.46, 101096.50, 0.21, -3.50
10:19:40.22,11.0, 26131.0, 196.0, 61.0, 18.6, 79.199997, 250.0, 2.0, 0.0, 26450.0, 0.0, 6.0, 0.0, 0.0, 0.0, 21296.0, 10100.0, 1.0 , 5.50, 0.09, -2.29, 3.12, 893.50, 61.80, 7.50, 101095.59, 0.21, -3.50
10:19:40.31,11.0, 26131.0, 196.0, 61.0, 18.6, 79.199997, 250.0, 2.0, 0.0, 26450.0, 0.0, 6.0, 0.0, 0.0, 0.0, 21296.0, 10000.0, 1.0 , 10.85, -1.44, -1.31, 3.12, 768.25, 61.81, 7.59, 101095.59, 0.21, -3.50
10:19:40.40,11.0, 26131.0, 196.0, 61.0, 18.6, 79.199997, 250.0, 2.0, 0.0, 26450.0, 17.0, 6.0, 0.0, 0.0, 0.0, 21296.0, 9800.0, 1.0 , 8.77, -0.23, -1.52, 3.12, 685.50, 61.83, 7.64, 101092.98, 0.21, -3.50
10:19:40.49,11.0, 26131.0, 196.0, 61.0, 18.6, 79.199997, 250.0, 2.0, 0.0, 26450.0, 0.0, 6.0, 0.0, 0.0, 0.0, 21296.0, 9700.0, 1.0 , 10.04, 0.07, -1.59, 3.12, 630.50, 61.82, 7.64, 101092.98, 0.21, -3.50
10:19:40.58,11.0, 26131.0, 196.0, 61.0, 18.6, 79.199997, 250.0, 2.0, 0.0, 26450.0, 0.0, 6.0, 0.0, 0.0, 0.0, 21296.0, 9500.0, 1.0 , 12.31, 0.14, -1.17, 3.13, 599.75, 61.84, 7.21, 101089.58, 0.21, -3.49
10:19:40.67,11.0, 26131.0, 196.0, 61.0, 18.6, 79.199997, 250.0, 2.0, 3.0, 26450.0, 0.0, 6.0, 0.0, 0.0, 0.0, 21296.0, 9400.0, 1.0 , 8.73, -2.30, -1.32, 3.14, 577.00, 61.84, 7.55, 101095.70, 0.21, -3.48
10:19:40.76,11.0, 26131.0, 196.0, 61.0, 18.6, 79.199997, 250.0, 2.0, 3.0, 26450.0, 0.0, 6.0, 0.0, 0.0, 0.0, 21296.0, 9300.0, 1.0 , 11.72, -1.37, -0.90, 3.14, 550.25, 61.85, 7.59, 101090.48, 0.21, -3.47
10:19:40.88,11.0, 26146.0, 191.0, 61.0, 18.6, 79.199997, 250.0, 2.0, 3.0, 26450.0, 0.0, 6.0, 0.0, 0.0, 0.0, 21296.0, 9100.0, 1.0 , 7.97, 0.55, -3.05, 3.14, 536.75, 61.86, 7.64, 101098.33, 0.20, -3.47
10:19:40.97,11.0, 26146.0, 191.0, 61.0, 18.6, 79.199997, 250.0, 1.0, 0.0, 26450.0, 17.0, 6.0, 0.0, 0.0, 0.0, 21296.0, 9000.0, 1.0 , 10.19, -1.48, -1.32, 3.12, 525.50, 61.86, 7.68, 101095.59, 0.21, -3.49
10:19:41.06,11.0, 26146.0, 191.0, 61.0, 18.6, 79.199997, 250.0, 1.0, 0.0, 26450.0, 0.0, 6.0, 0.0, 0.0, 0.0, 21296.0, 8800.0, 1.0 , 7.76, -1.93, -1.61, 3.13, 524.25, 61.87, 7.68, 101091.27, 0.21, -3.48
10:19:41.15,11.0, 26146.0, 191.0, 61.0, 18.6, 79.199997, 250.0, 1.0, 0.0, 26450.0, 0.0, 6.0, 0.0, 0.0, 0.0, 21296.0, 8800.0, 1.0 , 9.50, -1.77, -2.28, 3.13, 524.25, 61.87, 7.73, 101094.81, 0.21, -3.48
10:19:41.23,11.0, 26146.0, 191.0, 61.0, 18.6, 79.199997, 250.0, 1.0, 0.0, 26450.0, 0.0, 6.0, 0.0, 0.0, 0.0, 21296.0, 8500.0, 1.0 , 8.43, -2.75, 0.00, 3.13, 528.75, 61.88, 7.73, 101093.88, 0.21, -3.48
10:19:41.32,11.0, 26146.0, 191.0, 61.0, 18.6, 79.199997, 250.0, 1.0, 0.0, 26450.0, 0.0, 6.0, 0.0, 0.0, 0.0, 21296.0, 8500.0, 1.0 , 7.33, -3.95, -1.48, 3.12, 520.25, 61.89, 7.55, 101090.36, 0.21, -3.48
10:19:41.42,11.0, 26146.0, 191.0, 61.0, 18.6, 79.199997, 250.0, 1.0, 0.0, 26450.0, 0.0, 6.0, 0.0, 0.0, 0.0, 21296.0, 8300.0, 1.0 , 10.81, -2.68, -1.41, 3.12, 498.25, 61.89, 7.68, 101085.13, 0.22, -3.48
10:19:41.51,11.0, 26146.0, 191.0, 61.0, 18.6, 79.199997, 250.0, 1.0, 0.0, 26450.0, 0.0, 6.0, 0.0, 0.0, 0.0, 21296.0, 8000.0, 1.0 , 7.59, -2.32, -2.07, 3.13, 512.75, 61.89, 7.59, 101091.27, 0.21, -3.48
10:19:41.60,11.0, 26146.0, 191.0, 61.0, 18.6, 79.199997, 0.0, 1.0, 0.0, 26450.0, 0.0, 6.0, 0.0, 0.0, 0.0, 21296.0, 7800.0, 1.0 , 10.24, -2.16, -1.67, 3.15, 528.25, 61.92, 7.73, 101092.27, 0.21, -3.45
10:19:41.68,11.0, 26146.0, 191.0, 61.0, 18.6, 79.199997, 250.0, 1.0, 0.0, 26450.0, 0.0, 6.0, 0.0, 0.0, 0.0, 21296.0, 7800.0, 1.0 , 9.51, -0.80, -1.60, 3.14, 496.25, 61.92, 7.46, 101090.48, 0.21, -3.46
10:19:41.77,11.0, 26146.0, 191.0, 61.0, 18.6, 79.199997, 250.0, 1.0, 0.0, 26450.0, 17.0, 6.0, 0.0, 0.0, 0.0, 21296.0, 7500.0, 1.0 , 11.76, -0.12, -2.74, 3.14, 468.25, 61.92, 7.55, 101087.86, 0.21, -3.46
10:19:41.86,11.0, 26146.0, 191.0, 61.0, 18.6, 79.199997, 250.0, 1.0, 0.0, 26450.0, 0.0, 6.0, 0.0, 0.0, 0.0, 21296.0, 7500.0, 1.0 , 8.62, 1.75, -0.85, 3.14, 468.25, 61.94, 7.73, 101093.09, 0.21, -3.46
10:19:41.96,11.0, 26146.0, 191.0, 61.0, 18.6, 79.199997, 250.0, 1.0, 0.0, 26450.0, 0.0, 6.0, 0.0, 0.0, 0.0, 21296.0, 7400.0, 1.0 , 8.73, 0.38, -0.11, 3.14, 460.25, 61.93, 7.55, 101087.86, 0.21, -3.46
10:19:42.05,11.0, 26157.0, 196.0, 61.0, 18.6, 79.199997, 250.0, 1.0, 0.0, 26450.0, 0.0, 6.0, 0.0, 0.0, 0.0, 21296.0, 7400.0, 1.0 , 12.77, 0.62, 0.93, 3.14, 446.50, 61.94, 7.25, 101090.48, 0.21, -3.46
10:19:42.14,11.0, 26157.0, 196.0, 61.0, 18.6, 79.199997, 1000.0, 1.0, 0.0, 26450.0, 0.0, 6.0, 0.0, 0.0, 0.0, 21296.0, 7300.0, 1.0 , 11.20, 2.06, -1.04, 3.13, 441.75, 61.95, 7.73, 101088.64, 0.21, -3.46
10:19:42.23,11.0, 26157.0, 196.0, 61.0, 18.6, 79.199997, 1500.0, 1.0, 36.0, 26450.0, 0.0, 6.0, 0.0, 0.0, 0.0, 21296.0, 7300.0, 1.0 , 11.84, 0.06, 0.99, 3.14, 438.25, 61.96, 7.46, 101080.91, 0.22, -3.45
10:19:42.32,11.0, 26157.0, 196.0, 61.0, 18.6, 79.199997, 4250.0, 1.0, 30.0, 26450.0, 0.0, 6.0, 0.0, 0.0, 0.0, 21296.0, 7200.0, 1.0 , 9.42, 0.46, 0.10, 3.15, 434.25, 61.96, 7.55, 101089.66, 0.21, -3.44
10:19:42.41,11.0, 26157.0, 196.0, 61.0, 18.6, 79.199997, 750.0, 1.0, 29.0, 26450.0, 0.0, 6.0, 0.0, 0.0, 0.0, 21296.0, 7000.0, 1.0 , 9.88, -2.11, -4.06, 3.14, 419.75, 61.98, 7.25, 101093.09, 0.21, -3.45
10:19:42.50,11.0, 26157.0, 196.0, 61.0, 18.6, 79.199997, 250.0, 2.0, 0.0, 26450.0, 17.0, 6.0, 0.0, 0.0, 0.0, 21296.0, 7000.0, 1.0 , 8.73, 0.53, -1.37, 3.14, 415.50, 61.98, 7.64, 101085.23, 0.22, -3.45
10:19:42.59,11.0, 26157.0, 196.0, 61.0, 18.6, 79.199997, 250.0, 2.0, 0.0, 26450.0, 0.0, 6.0, 0.0, 0.0, 0.0, 21296.0, 6600.0, 1.0 , 10.10, 0.02, 1.75, 3.14, 415.50, 61.99, 7.42, 101091.37, 0.21, -3.44
10:19:42.68,11.0, 26157.0, 196.0, 61.0, 18.6, 79.199997, 250.0, 1.0, 5.0, 26450.0, 0.0, 6.0, 0.0, 0.0, 0.0, 21296.0, 6600.0, 1.0 , 8.80, -0.15, -0.03, 3.14, 414.25, 61.98, 7.64, 101087.86, 0.21, -3.45
10:19:42.77,11.0, 26157.0, 196.0, 61.0, 18.6, 79.199997, 250.0, 1.0, 5.0, 26450.0, 0.0, 6.0, 0.0, 0.0, 0.0, 21296.0, 6600.0, 1.0 , 9.17, -0.11, -2.17, 3.15, 414.00, 62.00, 7.55, 101084.42, 0.22, -3.43
10:19:42.86,11.0, 26157.0, 196.0, 61.0, 18.6, 79.199997, 250.0, 1.0, 5.0, 26450.0, 0.0, 6.0, 0.0, 0.0, 0.0, 21296.0, 5900.0, 1.0 , 8.52, -0.80, 0.32, 3.14, 415.25, 62.00, 7.64, 101087.86, 0.21, -3.44
10:19:42.95,11.0, 26157.0, 196.0, 61.0, 18.6, 79.199997, 250.0, 2.0, 0.0, 26450.0, 0.0, 6.0, 0.0, 0.0, 0.0, 21296.0, 5900.0, 1.0 , 8.50, -1.28, 1.67, 3.14, 416.75, 62.01, 7.64, 101083.52, 0.22, -3.44
10:19:43.05,11.0, 26157.0, 196.0, 61.0, 18.6, 79.199997, 250.0, 2.0, 0.0, 26450.0, 0.0, 6.0, 0.0, 0.0, 0.0, 21296.0, 5900.0, 1.0 , 9.90, -2.19, -0.09, 3.14, 417.75, 62.01, 7.46, 101086.14, 0.21, -3.44
10:19:43.14,11.0, 26157.0, 196.0, 61.0, 18.6, 79.199997, 250.0, 2.0, 2.0, 26450.0, 0.0, 6.0, 0.0, 0.0, 0.0, 21296.0, 5900.0, 1.0 , 9.08, -0.29, -2.35, 3.15, 422.25, 62.02, 7.64, 101087.94, 0.21, -3.43
10:19:43.23,11.0, 26164.0, 193.0, 61.0, 18.6, 79.199997, 250.0, 2.0, 2.0, 26450.0, 0.0, 6.0, 0.0, 0.0, 0.0, 21296.0, 4800.0, 1.0 , 9.52, -1.73, -2.04, 3.15, 426.75, 62.04, 7.68, 101090.55, 0.21, -3.42
10:19:43.32,11.0, 26164.0, 193.0, 61.0, 18.6, 79.199997, 250.0, 2.0, 2.0, 26450.0, 0.0, 6.0, 0.0, 0.0, 0.0, 21296.0, 4800.0, 1.0 , 9.84, -2.12, 0.06, 3.15, 432.25, 62.03, 7.46, 101087.03, 0.21, -3.43
10:19:43.41,11.0, 26164.0, 193.0, 61.0, 18.6, 79.199997, 250.0, 2.0, 2.0, 26450.0, 0.0, 6.0, 0.0, 0.0, 0.0, 21296.0, 4800.0, 1.0 , 8.96, -0.93, -1.79, 3.15, 432.25, 62.05, 7.46, 101081.80, 0.22, -3.42
10:19:43.50,11.0, 26164.0, 193.0, 61.0, 18.6, 79.199997, 250.0, 2.0, 2.0, 26450.0, 0.0, 6.0, 0.0, 0.0, 0.0, 21296.0, 4800.0, 1.0 , 9.68, -2.79, -1.43, 3.15, 440.50, 62.06, 7.46, 101087.03, 0.21, -3.42
10:19:43.63,11.0, 26164.0, 193.0, 61.0, 18.6, 79.199997, 250.0, 2.0, 0.0, 26450.0, 0.0, 6.0, 0.0, 0.0, 0.0, 21296.0, 4800.0, 1.0 , 9.66, -2.18, -0.83, 3.16, 444.00, 62.07, 7.55, 101081.02, 0.22, -3.41
10:19:43.72,11.0, 26164.0, 193.0, 61.0, 18.6, 79.199997, 250.0, 2.0, 0.0, 26450.0, 0.0, 6.0, 0.0, 0.0, 0.0, 21296.0, 4800.0, 1.0 , 9.72, -2.52, -1.01, 3.17, 445.75, 62.04, 7.64, 101080.19, 0.22, -3.40
10:19:43.82,11.0, 26164.0, 193.0, 61.0, 18.6, 79.199997, 250.0, 2.0, 0.0, 26450.0, 0.0, 6.0, 0.0, 0.0, 0.0, 21296.0, 4800.0, 1.0 , 8.71, -1.95, -2.92, 3.16, 445.50, 62.06, 7.42, 101081.91, 0.22, -3.41
10:19:43.92,11.0, 26164.0, 193.0, 61.0, 18.6, 79.199997, 250.0, 2.0, 0.0, 26450.0, 0.0, 6.0, 0.0, 0.0, 0.0, 21296.0, 4800.0, 1.0 , 8.82, -2.25, -1.96, 3.16, 445.50, 62.06, 7.37, 101084.53, 0.22, -3.41
10:19:44.02,11.0, 26164.0, 193.0, 61.0, 18.6, 79.199997, 250.0, 2.0, 0.0, 26450.0, 17.0, 6.0, 0.0, 0.0, 0.0, 21296.0, 4800.0, 1.0 , 9.08, -2.12, -2.91, 3.16, 444.00, 62.07, 7.50, 101083.63, 0.22, -3.41
10:19:44.12,11.0, 26164.0, 193.0, 61.0, 18.6, 79.199997, 250.0, 2.0, 0.0, 26450.0, 0.0, 6.0, 0.0, 0.0, 0.0, 21296.0, 4800.0, 1.0 , 8.99, -0.38, -1.99, 3.17, 434.50, 62.06, 7.64, 101082.81, 0.22, -3.40
10:19:44.21,11.0, 26164.0, 193.0, 61.0, 18.6, 79.199997, 250.0, 2.0, 0.0, 26450.0, 17.0, 6.0, 0.0, 0.0, 0.0, 21296.0, 4800.0, 1.0 , 10.21, -0.22, -2.62, 3.19, 421.50, 62.09, 7.73, 101081.20, 0.22, -3.38
10:19:44.31,11.0, 26164.0, 193.0, 61.0, 18.6, 79.199997, 250.0, 2.0, 0.0, 26450.0, 0.0, 6.0, 0.0, 0.0, 0.0, 21296.0, 4800.0, 1.0 , 8.85, 0.50, -3.08, 3.19, 419.50, 62.08, 7.93, 101083.82, 0.22, -3.38
10:19:44.42,11.0, 26177.0, 196.0, 61.0, 18.6, 79.199997, 250.0, 2.0, 0.0, 26450.0, 0.0, 6.0, 0.0, 0.0, 0.0, 21296.0, 0.0, 1.0 , 10.02, 1.00, -1.80, 3.19, 408.00, 62.09, 7.59, 101078.58, 0.22, -3.37
10:19:44.53,11.0, 26177.0, 196.0, 61.0, 18.6, 79.199997, 250.0, 2.0, 0.0, 26450.0, 0.0, 6.0, 0.0, 0.0, 0.0, 21296.0, 0.0, 1.0 , 9.25, 0.04, -1.79, 3.20, 404.25, 62.10, 7.42, 101083.89, 0.22, -3.36
10:19:44.62,11.0, 26177.0, 196.0, 61.0, 18.6, 79.199997, 250.0, 2.0, 0.0, 26450.0, 0.0, 6.0, 0.0, 0.0, 0.0, 21296.0, 0.0, 1.0 , 9.00, -0.52, -3.22, 3.20, 408.50, 62.10, 7.59, 101083.89, 0.22, -3.36
10:19:44.72,11.0, 26177.0, 196.0, 61.0, 18.6, 79.199997, 250.0, 2.0, 0.0, 26450.0, 17.0, 6.0, 0.0, 0.0, 0.0, 21296.0, 0.0, 1.0 , 9.85, -2.12, -2.50, 3.20, 409.50, 62.11, 7.83, 101083.00, 0.22, -3.36
10:19:44.81,11.0, 26177.0, 196.0, 61.0, 18.6, 79.199997, 250.0, 2.0, 0.0, 26450.0, 0.0, 6.0, 0.0, 0.0, 0.0, 21296.0, 0.0, 1.0 , 9.32, 0.02, -2.14, 3.20, 412.00, 62.10, 7.59, 101080.38, 0.22, -3.36
10:19:44.91,11.0, 26177.0, 196.0, 61.0, 18.6, 79.199997, 250.0, 2.0, 0.0, 26450.0, 0.0, 6.0, 0.0, 0.0, 0.0, 21296.0, 0.0, 1.0 , 9.03, 0.09, -2.94, 3.20, 410.75, 62.10, 7.50, 101078.66, 0.22, -3.36
