08:44:45.37,11.0, 28644.0, 87.0, 96.0, 30.200001, 128.600006, 250.0, 2.0, 0.0, 28865.0, 0.0, 3.0, 0.0, 0.0, 0.0, 0.0, 0.0, 1.0 , 9.45, -0.74, -1.76, nan, 173.25, nan, 7.78, nan, nan, nan
08:44:45.49,11.0, 28644.0, 87.0, 96.0, 30.200001, 128.600006, 250.0, 2.0, 0.0, 28865.0, 0.0, 3.0, 0.0, 0.0, 0.0, 0.0, 0.0, 1.0 , 9.57, -0.81, -2.23, nan, 174.00, nan, 7.83, nan, nan, nan
08:44:45.61,11.0, 28644.0, 87.0, 96.0, 30.200001, 128.600006, 250.0, 2.0, 0.0, 28865.0, 0.0, 3.0, 0.0, 0.0, 0.0, 0.0, 0.0, 1.0 , 9.71, -0.83, -1.88, nan, 172.75, nan, 7.50, nan, nan, nan
08:44:45.72,11.0, 28644.0, 87.0, 96.0, 30.200001, 128.600006, 250.0, 2.0, 0.0, 28865.0, 0.0, 3.0, 0.0, 0.0, 0.0, 0.0, 0.0, 1.0 , 9.27, -0.63, -2.15, nan, 170.00, nan, 7.88, nan, nan, nan
08:44:45.83,11.0, 28612.0, 200.0, 96.0, 30.200001, 128.600006, 250.0, 2.0, 0.0, 28865.0, 0.0, 3.0, 0.0, 0.0, 0.0, 0.0, 0.0, 1.0 , 9.43, 0.27, -1.64, nan, 174.00, nan, 7.93, nan, nan, nan
08:44:45.97,11.0, 28612.0, 200.0, 96.0, 30.200001, 128.600006, 250.0, 2.0, 0.0, 28865.0, 0.0, 3.0, 0.0, 0.0, 0.0, 0.0, 0.0, 1.0 , 9.19, -0.61, -2.38, nan, 183.50, nan, 7.37, nan, nan, nan
08:44:46.08,11.0, 28612.0, 200.0, 96.0, 30.200001, 128.600006, 250.0, 2.0, 0.0, 28865.0, 17.0, 3.0, 0.0, 0.0, 0.0, 0.0, 0.0, 1.0 , 9.82, 0.00, -2.86, nan, 251.25, nan, 7.83, nan, nan, nan
08:44:46.20,11.0, 28612.0, 200.0, 96.0, 30.200001, 128.600006, 250.0, 2.0, 0.0, 28865.0, 0.0, 3.0, 0.0, 0.0, 0.0, 0.0, 0.0, 1.0 , 10.13, -2.05, -1.88, nan, 289.00, nan, 7.50, nan, nan, nan
08:44:46.32,11.0, 28612.0, 200.0, 96.0, 30.200001, 128.600006, 250.0, 2.0, 0.0, 28865.0, 0.0, 3.0, 0.0, 0.0, 0.0, 65535.0, 0.0, 1.0 , 10.57, -1.75, -2.21, nan, 379.75, nan, 7.73, nan, nan, nan
08:44:46.43,11.0, 28612.0, 200.0, 96.0, 30.200001, 128.600006, 250.0, 2.0, 0.0, 28865.0, 0.0, 3.0, 0.0, 0.0, 0.0, 65533.0, 0.0, 1.0 , 9.71, -0.64, -2.68, nan, 483.75, nan, 7.55, nan, nan, nan
08:44:46.55,11.0, 28612.0, 200.0, 96.0, 30.200001, 128.600006, 250.0, 2.0, 0.0, 28865.0, 0.0, 3.0, 0.0, 0.0, 0.0, 65533.0, 0.0, 1.0 , 8.52, -6.21, -2.00, nan, 570.75, nan, 7.50, nan, nan, nan
08:44:46.66,11.0, 28612.0, 200.0, 96.0, 30.200001, 128.600006, 250.0, 2.0, 0.0, 28865.0, 0.0, 3.0, 0.0, 0.0, 0.0, 65533.0, 0.0, 1.0 , 6.93, -9.20, -1.35, nan, 770.50, nan, 7.59, nan, nan, nan
08:44:46.77,11.0, 28612.0, 200.0, 96.0, 30.200001, 128.600006, 0.0, 2.0, 0.0, 28865.0, 0.0, 3.0, 0.0, 0.0, 0.0, 65533.0, 0.0, 1.0 , 8.42, -5.06, -0.95, nan, 885.00, nan, 7.64, nan, nan, nan
08:44:46.88,11.0, 28612.0, 200.0, 96.0, 30.200001, 128.600006, 0.0, 2.0, 0.0, 28865.0, 0.0, 3.0, 0.0, 0.0, 0.0, 65533.0, 0.0, 1.0 , 8.32, -2.63, -1.54, nan, 908.25, nan, 7.73, nan, nan, nan
08:44:46.99,11.0, 28612.0, 200.0, 96.0, 30.200001, 128.600006, 250.0, 2.0, 0.0, 28865.0, 0.0, 3.0, 0.0, 0.0, 0.0, 65533.0, 0.0, 1.0 , 10.01, -0.96, -2.20, nan, 924.25, nan, 7.68, nan, nan, nan
08:44:47.08,11.0, 28611.0, 198.0, 96.0, 30.200001, 128.600006, 250.0, 2.0, 0.0, 28865.0, 0.0, 3.0, 0.0, 0.0, 0.0, 65533.0, 0.0, 1.0 , 9.95, -0.94, -3.24, nan, 932.75, nan, 7.64, nan, nan, nan
08:44:47.18,11.0, 28611.0, 198.0, 96.0, 30.200001, 128.600006, 0.0, 2.0, 0.0, 28865.0, 0.0, 3.0, 0.0, 0.0, 0.0, 65533.0, 0.0, 1.0 , 9.53, -1.40, -2.39, nan, 938.50, nan, 7.64, nan, nan, nan
08:44:47.30,11.0, 28611.0, 198.0, 96.0, 30.200001, 128.600006, 250.0, 2.0, 0.0, 28865.0, 0.0, 3.0, 0.0, 0.0, 0.0, 65533.0, 0.0, 1.0 , 9.06, -1.02, -1.62, nan, 929.50, nan, 7.46, nan, nan, nan
08:44:47.41,11.0, 28611.0, 198.0, 96.0, 30.200001, 128.600006, 250.0, 2.0, 0.0, 28865.0, 0.0, 3.0, 0.0, 0.0, 0.0, 65533.0, 0.0, 1.0 , 9.11, -0.96, -1.49, nan, 921.75, nan, 7.64, nan, nan, nan
08:44:47.53,11.0, 28611.0, 198.0, 96.0, 30.200001, 128.600006, 250.0, 2.0, 0.0, 28865.0, 0.0, 3.0, 0.0, 0.0, 0.0, 65533.0, 0.0, 1.0 , 9.44, -1.25, -0.91, nan, 941.25, nan, 7.64, nan, nan, nan
08:44:47.63,11.0, 28611.0, 198.0, 96.0, 30.200001, 128.600006, 250.0, 2.0, 0.0, 28865.0, 0.0, 3.0, 0.0, 0.0, 0.0, 65533.0, 0.0, 1.0 , 9.58, -1.59, -0.69, nan, 958.75, nan, 7.50, nan, nan, nan
08:44:47.74,11.0, 28611.0, 198.0, 96.0, 30.200001, 128.600006, 0.0, 2.0, 0.0, 28865.0, 0.0, 3.0, 0.0, 0.0, 0.0, 65533.0, 1700.0, 1.0 , 9.26, -1.87, -1.25, nan, 972.50, nan, 7.46, nan, nan, nan
08:44:47.85,11.0, 28611.0, 198.0, 96.0, 30.200001, 128.600006, 250.0, 2.0, 0.0, 28865.0, 0.0, 3.0, 0.0, 0.0, 0.0, 65533.0, 1700.0, 1.0 , 9.36, -1.83, -1.88, nan, 982.50, nan, 7.83, nan, nan, nan
08:44:47.97,11.0, 28611.0, 198.0, 96.0, 30.200001, 128.600006, 250.0, 2.0, 0.0, 28865.0, 0.0, 3.0, 0.0, 0.0, 0.0, 65533.0, 1700.0, 1.0 , 9.26, -2.39, -2.49, nan, 992.25, nan, 7.93, nan, nan, nan
08:44:48.08,11.0, 28611.0, 198.0, 96.0, 30.200001, 128.600006, 250.0, 2.0, 0.0, 28865.0, 17.0, 3.0, 0.0, 0.0, 0.0, 65533.0, 1700.0, 1.0 , 8.99, -2.39, -3.10, nan, 1011.25, nan, 7.68, nan, nan, nan
08:44:48.19,11.0, 28611.0, 198.0, 96.0, 30.200001, 128.600006, 0.0, 2.0, 0.0, 28865.0, 0.0, 3.0, 0.0, 0.0, 0.0, 65533.0, 1700.0, 1.0 , 8.57, -3.54, -2.84, nan, 1038.75, nan, 7.46, nan, nan, nan
08:44:48.29,11.0, 28611.0, 198.0, 96.0, 30.200001, 128.600006, 0.0, 2.0, 0.0, 28865.0, 0.0, 3.0, 0.0, 0.0, 0.0, 65533.0, 1700.0, 1.0 , 10.51, -3.38, -1.77, nan, 1044.75, nan, 7.64, nan, nan, nan
08:44:48.40,11.0, 28611.0, 198.0, 96.0, 30.200001, 128.600006, 0.0, 2.0, 0.0, 28865.0, 0.0, 3.0, 0.0, 0.0, 0.0, 65533.0, 1700.0, 1.0 , 10.66, -0.92, -2.55, nan, 1042.25, nan, 7.78, nan, nan, nan
08:44:48.51,11.0, 28611.0, 198.0, 96.0, 30.200001, 128.600006, 0.0, 2.0, 45.0, 28865.0, 0.0, 3.0, 0.0, 0.0, 0.0, 65533.0, 1500.0, 1.0 , 8.88, -2.52, -0.76, nan, 1049.00, nan, 7.50, nan, nan, nan
08:44:48.60,11.0, 28611.0, 198.0, 96.0, 30.200001, 128.600006, 0.0, 2.0, 36.0, 28865.0, 0.0, 3.0, 0.0, 0.0, 0.0, 65533.0, 1500.0, 1.0 , 8.86, -2.03, -1.40, nan, 1026.00, nan, 7.73, nan, nan, nan
08:44:48.71,11.0, 28611.0, 198.0, 96.0, 30.200001, 128.600006, 0.0, 2.0, 36.0, 28865.0, 0.0, 3.0, 0.0, 0.0, 0.0, 65533.0, 1500.0, 1.0 , 10.31, -2.71, 0.06, nan, 968.75, nan, 7.50, nan, nan, nan
08:44:48.81,11.0, 28611.0, 198.0, 96.0, 30.200001, 128.600006, 250.0, 2.0, 25.0, 28865.0, 0.0, 3.0, 0.0, 0.0, 0.0, 65533.0, 1800.0, 1.0 , 10.20, -1.83, -0.81, nan, 913.50, nan, 7.73, nan, nan, nan
08:44:48.91,11.0, 28611.0, 198.0, 96.0, 30.200001, 128.600006, 0.0, 2.0, 28.0, 28865.0, 17.0, 3.0, 0.0, 0.0, 0.0, 65533.0, 1800.0, 1.0 , 9.64, -2.68, -0.18, nan, 818.00, nan, 7.73, nan, nan, nan
08:44:49.02,11.0, 28611.0, 198.0, 96.0, 30.200001, 128.600006, 250.0, 1.0, 0.0, 28865.0, 0.0, 3.0, 0.0, 0.0, 0.0, 65533.0, 2000.0, 1.0 , 9.31, -1.25, 0.34, nan, 696.00, nan, 7.55, nan, nan, nan
08:44:49.12,11.0, 28611.0, 198.0, 96.0, 30.200001, 128.600006, 250.0, 1.0, 0.0, 28865.0, 0.0, 3.0, 0.0, 0.0, 0.0, 65533.0, 2000.0, 1.0 , 9.20, -3.05, -1.20, nan, 593.00, nan, 7.42, nan, nan, nan
08:44:49.22,11.0, 28611.0, 198.0, 96.0, 30.200001, 128.600006, 0.0, 2.0, 0.0, 28865.0, 0.0, 3.0, 0.0, 0.0, 0.0, 65533.0, 2000.0, 1.0 , 9.73, -1.75, -1.37, nan, 480.25, nan, 7.37, nan, nan, nan
08:44:49.32,11.0, 28611.0, 198.0, 96.0, 30.200001, 128.600006, 0.0, 2.0, 0.0, 28865.0, 0.0, 3.0, 0.0, 0.0, 0.0, 65533.0, 2200.0, 1.0 , 9.99, -1.76, -0.99, nan, 462.25, nan, 7.59, nan, nan, nan
08:44:49.43,11.0, 28609.0, 188.0, 96.0, 30.200001, 128.600006, 250.0, 2.0, 0.0, 28865.0, 0.0, 3.0, 0.0, 0.0, 0.0, 65533.0, 2200.0, 1.0 , 9.56, -1.36, -0.72, nan, 447.25, nan, 7.37, nan, nan, nan
08:44:49.54,11.0, 28609.0, 188.0, 96.0, 30.200001, 128.600006, 0.0, 2.0, 0.0, 28865.0, 0.0, 3.0, 0.0, 0.0, 0.0, 65533.0, 2500.0, 1.0 , 9.96, -1.25, 0.34, nan, 478.25, nan, 7.17, nan, nan, nan
08:44:49.64,11.0, 28609.0, 188.0, 96.0, 30.200001, 128.600006, 0.0, 2.0, 0.0, 28865.0, 0.0, 3.0, 0.0, 0.0, 0.0, 65533.0, 2500.0, 1.0 , 9.44, -2.66, 1.76, nan, 543.00, nan, 7.50, nan, nan, nan
08:44:49.74,11.0, 28609.0, 188.0, 96.0, 30.200001, 128.600006, 0.0, 2.0, 0.0, 28865.0, 0.0, 3.0, 0.0, 0.0, 0.0, 65533.0, 3000.0, 1.0 , 8.92, -2.48, 1.37, nan, 634.25, nan, 7.50, nan, nan, nan
08:44:49.84,11.0, 28609.0, 188.0, 96.0, 30.200001, 128.600006, 250.0, 2.0, 0.0, 28865.0, 0.0, 3.0, 0.0, 0.0, 0.0, 65533.0, 4100.0, 1.0 , 9.22, -1.71, -0.66, nan, 673.00, nan, 7.42, nan, nan, nan
08:44:49.94,11.0, 28609.0, 188.0, 96.0, 30.200001, 128.600006, 250.0, 2.0, 0.0, 28865.0, 0.0, 3.0, 0.0, 0.0, 0.0, 65533.0, 4100.0, 1.0 , 9.26, -2.01, -0.63, nan, 672.00, nan, 7.21, nan, nan, nan
08:44:50.05,11.0, 28609.0, 188.0, 96.0, 30.200001, 128.600006, 250.0, 2.0, 0.0, 28865.0, 0.0, 3.0, 0.0, 0.0, 0.0, 65533.0, 4100.0, 1.0 , 9.40, -1.84, -0.31, nan, 658.75, nan, 7.73, nan, nan, nan
08:44:50.15,11.0, 28609.0, 188.0, 96.0, 30.200001, 128.600006, 250.0, 1.0, 0.0, 28865.0, 0.0, 3.0, 0.0, 0.0, 0.0, 65533.0, 4200.0, 1.0 , 9.17, -2.35, -0.51, nan, 639.50, nan, 7.06, nan, nan, nan
08:44:50.25,11.0, 28609.0, 188.0, 96.0, 30.200001, 128.600006, 250.0, 1.0, 0.0, 28865.0, 35.0, 3.0, 0.0, 0.0, 0.0, 65533.0, 4200.0, 1.0 , 9.89, -2.59, -0.50, nan, 616.00, nan, 7.29, nan, nan, nan
08:44:50.35,11.0, 28609.0, 188.0, 96.0, 30.200001, 128.600006, 250.0, 1.0, 0.0, 28865.0, 0.0, 3.0, 0.0, 0.0, 0.0, 65533.0, 4200.0, 1.0 , 8.97, -2.41, -0.93, nan, 590.25, nan, 7.37, nan, nan, nan
08:44:50.44,11.0, 28609.0, 188.0, 96.0, 30.200001, 128.600006, 250.0, 1.0, 0.0, 28865.0, 0.0, 3.0, 0.0, 0.0, 0.0, 65533.0, 4200.0, 1.0 , 8.90, -2.90, -0.86, nan, 564.50, nan, 7.33, nan, nan, nan
08:44:50.55,11.0, 28609.0, 188.0, 96.0, 30.200001, 128.600006, 250.0, 1.0, 3.0, 28865.0, 0.0, 3.0, 0.0, 0.0, 0.0, 65533.0, 4200.0, 1.0 , 8.99, -3.38, -1.51, nan, 520.25, nan, 7.33, nan, nan, nan
08:44:50.65,11.0, 28609.0, 186.0, 96.0, 30.200001, 128.600006, 250.0, 1.0, 3.0, 28865.0, 0.0, 3.0, 0.0, 0.0, 0.0, 65533.0, 4200.0, 1.0 , 9.31, -2.56, -2.18, nan, 503.25, nan, 7.68, nan, nan, nan
08:44:50.77,11.0, 28609.0, 186.0, 96.0, 30.200001, 128.600006, 250.0, 1.0, 3.0, 28865.0, 0.0, 3.0, 0.0, 0.0, 0.0, 65533.0, 4200.0, 1.0 , 8.73, -2.03, -2.46, nan, 487.75, nan, 7.46, nan, nan, nan
08:44:50.89,11.0, 28609.0, 186.0, 96.0, 30.200001, 128.600006, 250.0, 1.0, 3.0, 28865.0, 0.0, 3.0, 0.0, 0.0, 0.0, 65533.0, 4100.0, 1.0 , 9.63, -2.70, -1.41, nan, 472.25, nan, 7.59, nan, nan, nan
08:44:51.00,11.0, 28609.0, 186.0, 96.0, 30.200001, 128.600006, 250.0, 2.0, 0.0, 28865.0, 17.0, 3.0, 0.0, 0.0, 0.0, 65533.0, 4100.0, 1.0 , 9.28, -3.10, -0.28, nan, 475.00, nan, 7.55, nan, nan, nan
08:44:51.11,11.0, 28609.0, 186.0, 96.0, 30.200001, 128.600006, 250.0, 2.0, 0.0, 28865.0, 0.0, 3.0, 0.0, 0.0, 0.0, 65533.0, 3900.0, 1.0 , 9.00, -2.33, -1.27, nan, 563.00, nan, 7.68, nan, nan, nan
08:44:51.23,11.0, 28609.0, 186.0, 96.0, 30.200001, 128.600006, 250.0, 2.0, 0.0, 28865.0, 0.0, 3.0, 0.0, 0.0, 0.0, 65533.0, 3900.0, 1.0 , 9.68, -0.07, -2.11, nan, 614.50, nan, 7.88, nan, nan, nan
08:44:51.34,11.0, 28609.0, 186.0, 96.0, 30.200001, 128.600006, 250.0, 2.0, 0.0, 28865.0, 0.0, 3.0, 0.0, 0.0, 0.0, 65533.0, 3900.0, 1.0 , 9.46, -0.84, -1.76, nan, 644.25, nan, 7.55, nan, nan, nan
08:44:51.44,11.0, 28609.0, 186.0, 96.0, 30.200001, 128.600006, 250.0, 2.0, 0.0, 28865.0, 0.0, 3.0, 0.0, 0.0, 0.0, 65533.0, 3700.0, 1.0 , 6.11, 1.04, -4.74, nan, 647.75, nan, 7.55, nan, nan, nan
08:44:51.55,11.0, 28609.0, 186.0, 96.0, 30.200001, 128.600006, 250.0, 1.0, 0.0, 28865.0, 0.0, 3.0, 0.0, 0.0, 0.0, 65533.0, 3700.0, 1.0 , 9.09, -0.44, -3.30, nan, 630.50, nan, 7.78, nan, nan, nan
08:44:51.66,11.0, 28609.0, 186.0, 96.0, 30.200001, 128.600006, 250.0, 1.0, 9.0, 28865.0, 0.0, 3.0, 0.0, 0.0, 0.0, 65533.0, 3700.0, 1.0 , 8.96, -2.37, 1.85, nan, 616.75, nan, 7.59, nan, nan, nan
08:44:51.77,11.0, 28609.0, 186.0, 96.0, 30.200001, 128.600006, 5000.0, 1.0, 13.0, 28865.0, 0.0, 3.0, 0.0, 0.0, 0.0, 65533.0, 3600.0, 1.0 , 9.09, -1.46, -2.28, nan, 580.25, nan, 7.59, nan, nan, nan
08:44:51.90,11.0, 28609.0, 193.0, 96.0, 30.200001, 128.600006, 9500.0, 1.0, 12.0, 28865.0, 0.0, 3.0, 0.0, 0.0, 0.0, 65533.0, 3600.0, 1.0 , 9.51, -0.09, -2.50, nan, 564.75, nan, 7.59, nan, nan, nan
08:44:52.02,11.0, 28609.0, 193.0, 96.0, 30.200001, 128.600006, 14250.0, 1.0, 14.0, 28865.0, 356.0, 3.0, 136.0, 3680.0, 26200.0, 0.0, 3600.0, 1.0 , 10.50, -1.84, -2.08, nan, 542.75, nan, 7.55, nan, nan, nan
08:44:52.13,11.0, 28609.0, 193.0, 96.0, 30.200001, 128.600006, 17500.0, 1.0, 15.0, 28175.0, 12914.0, 3.0, 163.0, 800.0, 5700.0, 31.0, 3600.0, 1.0 , 10.92, -3.48, -2.45, nan, 519.75, nan, 7.64, nan, nan, nan
08:44:52.24,11.0, 28609.0, 193.0, 96.0, 30.200001, 128.600006, 21000.0, 1.0, 13.0, 27715.0, 18720.0, 3.0, 222.0, 760.0, 5500.0, 67.0, 3600.0, 1.0 , 9.90, -3.30, -1.65, nan, 516.25, nan, 7.59, nan, nan, nan
08:44:52.35,11.0, 28609.0, 193.0, 96.0, 30.200001, 128.600006, 21250.0, 1.0, 13.0, 27485.0, 16155.0, 3.0, 253.0, 760.0, 5400.0, 104.0, 3500.0, 1.0 , 9.26, -1.96, -3.68, nan, 569.50, nan, 7.59, nan, nan, nan
08:44:52.48,11.0, 28609.0, 193.0, 96.0, 30.200001, 128.600006, 22500.0, 1.0, 17.0, 27485.0, 18008.0, 3.0, 290.0, 880.0, 6300.0, 145.0, 3500.0, 1.0 , 9.17, -1.90, -4.08, nan, 610.50, nan, 7.50, nan, nan, nan
08:44:52.59,11.0, 28609.0, 193.0, 96.0, 30.200001, 128.600006, 22500.0, 1.0, 22.0, 27255.0, 18008.0, 3.0, 307.0, 940.0, 6700.0, 190.0, 3500.0, 1.0 , 9.35, -0.47, -3.78, nan, 653.25, nan, 7.78, nan, nan, nan
08:44:52.71,11.0, 28609.0, 193.0, 96.0, 30.200001, 128.600006, 20250.0, 1.0, 18.0, 27370.0, 18329.0, 3.0, 327.0, 1020.0, 7300.0, 238.0, 3500.0, 1.0 , 9.81, -1.81, -4.13, nan, 737.25, nan, 7.78, nan, nan, nan
08:44:52.84,11.0, 28609.0, 193.0, 96.0, 30.200001, 128.600006, 12750.0, 1.0, 19.0, 27485.0, 16619.0, 3.0, 348.0, 1140.0, 8100.0, 301.0, 3500.0, 1.0 , 9.39, 0.67, -3.28, nan, 773.50, nan, 7.64, nan, nan, nan
08:44:52.97,11.0, 28609.0, 193.0, 96.0, 30.200001, 128.600006, 4250.0, 1.0, 24.0, 27255.0, 17563.0, 3.0, 368.0, 1200.0, 8600.0, 358.0, 3800.0, 1.0 , 9.10, 0.60, -2.96, nan, 798.50, nan, 8.03, nan, nan, nan
08:44:53.10,11.0, 27747.0, 1280.0, 96.0, 30.200001, 128.600006, 0.0, 1.0, 26.0, 27600.0, 10883.0, 3.0, 321.0, 1180.0, 8500.0, 416.0, 4200.0, 1.0 , 9.26, 0.62, -1.95, nan, 824.00, nan, 7.64, nan, nan, nan
08:44:53.22,11.0, 27747.0, 1280.0, 96.0, 30.200001, 128.600006, 250.0, 1.0, 24.0, 28405.0, 480.0, 3.0, 224.0, 1100.0, 7900.0, 481.0, 4800.0, 1.0 , 9.59, 0.57, -2.34, nan, 831.00, nan, 7.55, nan, nan, nan
08:44:53.35,11.0, 27747.0, 1280.0, 96.0, 30.200001, 128.600006, 5000.0, 1.0, 24.0, 28175.0, 5628.0, 3.0, 341.0, 1420.0, 10100.0, 545.0, 5400.0, 1.0 , 9.96, -0.10, -3.50, nan, 838.50, nan, 7.83, nan, nan, nan
08:44:53.48,11.0, 27747.0, 1280.0, 96.0, 30.200001, 128.600006, 11750.0, 1.0, 30.0, 27830.0, 9422.0, 3.0, 354.0, 1340.0, 9500.0, 609.0, 5400.0, 1.0 , 9.13, 0.80, -1.63, nan, 858.25, nan, 7.68, nan, nan, nan
08:44:53.59,11.0, 27747.0, 1280.0, 96.0, 30.200001, 128.600006, 13000.0, 1.0, 31.0, 27830.0, 11150.0, 3.0, 359.0, 1320.0, 9500.0, 673.0, 6000.0, 1.0 , 8.15, 0.41, -2.99, nan, 865.25, nan, 7.78, nan, nan, nan
08:44:53.72,11.0, 27747.0, 1280.0, 96.0, 30.200001, 128.600006, 13500.0, 1.0, 24.0, 27715.0, 11043.0, 3.0, 371.0, 1380.0, 9900.0, 738.0, 6400.0, 1.0 , 9.15, -0.22, -3.36, nan, 870.00, nan, 7.68, nan, nan, nan
08:44:53.83,11.0, 27747.0, 1280.0, 96.0, 30.200001, 128.600006, 10500.0, 1.0, 25.0, 27600.0, 11952.0, 3.0, 381.0, 1420.0, 10100.0, 807.0, 6600.0, 1.0 , 8.55, -0.19, -3.41, nan, 873.25, nan, 7.73, nan, nan, nan
08:44:53.95,11.0, 27747.0, 1280.0, 96.0, 30.200001, 128.600006, 4500.0, 1.0, 31.0, 27600.0, 12148.0, 3.0, 390.0, 1460.0, 10400.0, 865.0, 6800.0, 1.0 , 8.79, -1.19, -2.56, nan, 874.75, nan, 7.64, nan, nan, nan
08:44:54.05,11.0, 27747.0, 1280.0, 96.0, 30.200001, 128.600006, 250.0, 1.0, 20.0, 27715.0, 11934.0, 3.0, 390.0, 1460.0, 10500.0, 935.0, 6900.0, 1.0 , 6.15, -0.22, -3.28, nan, 887.50, nan, 7.50, nan, nan, nan
08:44:54.17,11.0, 27747.0, 1280.0, 96.0, 30.200001, 128.600006, 0.0, 2.0, 0.0, 27600.0, 12379.0, 3.0, 389.0, 1460.0, 10400.0, 995.0, 7100.0, 1.0 , 9.56, -1.58, -1.85, nan, 891.25, nan, 7.59, nan, nan, nan
08:44:54.28,11.0, 27801.0, 1881.0, 96.0, 30.200001, 128.600006, 250.0, 2.0, 0.0, 28405.0, 1816.0, 3.0, 280.0, 1360.0, 9700.0, 1062.0, 7300.0, 1.0 , -1.59, 1.10, 0.09, nan, 893.25, nan, 7.68, nan, nan, nan
08:44:54.39,11.0, 27801.0, 1881.0, 96.0, 30.200001, 128.600006, 250.0, 1.0, 9.0, 28520.0, 872.0, 3.0, 280.0, 1380.0, 9800.0, 1118.0, 7300.0, 1.0 , 8.38, -1.42, -1.35, nan, 882.75, nan, 7.59, nan, nan, nan
08:44:54.50,11.0, 27801.0, 1881.0, 96.0, 30.200001, 128.600006, 250.0, 1.0, 11.0, 28635.0, 17.0, 3.0, 0.0, 0.0, 0.0, 1178.0, 7400.0, 1.0 , 7.77, 0.95, -2.88, nan, 872.25, nan, 7.59, nan, nan, nan
08:44:54.61,11.0, 27801.0, 1881.0, 96.0, 30.200001, 128.600006, 250.0, 2.0, 0.0, 28750.0, 0.0, 3.0, 0.0, 0.0, 0.0, 1210.0, 7400.0, 1.0 , 9.19, -0.40, -2.18, nan, 860.75, nan, 7.59, nan, nan, nan
08:44:54.73,11.0, 27801.0, 1881.0, 96.0, 30.200001, 128.600006, 250.0, 1.0, 11.0, 28750.0, 0.0, 3.0, 0.0, 0.0, 0.0, 1219.0, 7500.0, 1.0 , 6.32, 0.21, -7.69, nan, 872.50, nan, 7.78, nan, nan, nan
08:44:54.85,11.0, 27801.0, 1881.0, 96.0, 30.200001, 128.600006, 250.0, 1.0, 6.0, 28750.0, 17.0, 3.0, 0.0, 0.0, 0.0, 1219.0, 7500.0, 1.0 , 10.35, -1.28, -4.35, nan, 884.25, nan, 7.46, nan, nan, nan
08:44:54.98,11.0, 27801.0, 1881.0, 96.0, 30.200001, 128.600006, 250.0, 2.0, 0.0, 28750.0, 0.0, 3.0, 0.0, 0.0, 0.0, 1219.0, 7600.0, 1.0 , 11.36, -1.66, -1.60, nan, 883.75, nan, 7.33, nan, nan, nan
08:44:55.11,11.0, 27801.0, 1881.0, 96.0, 30.200001, 128.600006, 250.0, 2.0, 0.0, 28865.0, 0.0, 3.0, 0.0, 0.0, 0.0, 1219.0, 7700.0, 1.0 , 9.24, 0.27, -1.79, nan, 880.50, nan, 7.68, nan, nan, nan
08:44:55.23,11.0, 27801.0, 1881.0, 96.0, 30.200001, 128.600006, 250.0, 2.0, 0.0, 28865.0, 0.0, 3.0, 0.0, 0.0, 0.0, 1219.0, 7900.0, 1.0 , 10.40, -1.73, -2.31, nan, 880.50, nan, 7.98, nan, nan, nan
08:44:55.36,11.0, 27801.0, 1881.0, 96.0, 30.200001, 128.600006, 250.0, 2.0, 0.0, 28865.0, 17.0, 3.0, 0.0, 0.0, 0.0, 1219.0, 8300.0, 1.0 , 9.16, -0.22, -2.80, nan, 886.25, nan, 7.68, nan, nan, nan
08:44:55.49,11.0, 28373.0, 322.0, 96.0, 30.200001, 128.600006, 250.0, 2.0, 0.0, 28865.0, 17.0, 3.0, 0.0, 0.0, 0.0, 1219.0, 8500.0, 1.0 , 8.64, -3.04, -1.85, nan, 906.00, nan, 7.73, nan, nan, nan
08:44:55.61,11.0, 28373.0, 322.0, 96.0, 30.200001, 128.600006, 250.0, 2.0, 0.0, 28865.0, 0.0, 3.0, 0.0, 0.0, 0.0, 1219.0, 8700.0, 1.0 , 10.25, 1.23, -1.13, nan, 915.75, nan, 7.55, nan, nan, nan
08:44:55.73,11.0, 28373.0, 322.0, 96.0, 30.200001, 128.600006, 250.0, 2.0, 0.0, 28865.0, 0.0, 3.0, 0.0, 0.0, 0.0, 1219.0, 8800.0, 1.0 , 7.79, -1.06, -3.09, nan, 929.50, nan, 7.55, nan, nan, nan
08:44:55.86,11.0, 28373.0, 322.0, 96.0, 30.200001, 128.600006, 250.0, 2.0, 4.0, 28865.0, 0.0, 3.0, 0.0, 0.0, 0.0, 1219.0, 8900.0, 1.0 , 10.60, -0.19, -2.09, nan, 957.25, nan, 7.68, nan, nan, nan
08:44:55.99,11.0, 28373.0, 322.0, 96.0, 30.200001, 128.600006, 250.0, 1.0, 0.0, 28865.0, 0.0, 3.0, 0.0, 0.0, 0.0, 1219.0, 8900.0, 1.0 , 8.56, -0.20, -2.78, nan, 973.75, nan, 7.73, nan, nan, nan
08:44:56.11,11.0, 28373.0, 322.0, 96.0, 30.200001, 128.600006, 250.0, 1.0, 0.0, 28865.0, 17.0, 3.0, 0.0, 0.0, 0.0, 1219.0, 8900.0, 1.0 , 8.53, -0.34, -3.13, nan, 990.25, nan, 7.59, nan, nan, nan
08:44:56.23,11.0, 28373.0, 322.0, 96.0, 30.200001, 128.600006, 250.0, 1.0, 0.0, 28865.0, 0.0, 3.0, 0.0, 0.0, 0.0, 1219.0, 8900.0, 1.0 , 9.98, -0.57, -2.04, nan, 1004.50, nan, 7.83, nan, nan, nan
08:44:56.35,11.0, 28373.0, 322.0, 96.0, 30.200001, 128.600006, 250.0, 1.0, 0.0, 28865.0, 0.0, 3.0, 0.0, 0.0, 0.0, 1219.0, 8900.0, 1.0 , 8.76, -0.10, -2.06, nan, 1010.50, nan, 7.42, nan, nan, nan
08:44:56.48,11.0, 28373.0, 322.0, 96.0, 30.200001, 128.600006, 250.0, 1.0, 0.0, 28865.0, 17.0, 3.0, 0.0, 0.0, 0.0, 1219.0, 9000.0, 1.0 , 9.06, -0.60, -2.10, nan, 1014.50, nan, 7.55, nan, nan, nan
08:44:56.59,11.0, 28373.0, 322.0, 96.0, 30.200001, 128.600006, 250.0, 2.0, 0.0, 28865.0, 0.0, 3.0, 0.0, 0.0, 0.0, 1219.0, 9000.0, 1.0 , 14.80, -0.46, 0.75, nan, 1022.50, nan, 7.78, nan, nan, nan
08:44:56.70,11.0, 28550.0, 196.0, 96.0, 30.200001, 128.600006, 250.0, 2.0, 0.0, 28865.0, 0.0, 3.0, 0.0, 0.0, 0.0, 1219.0, 9100.0, 1.0 , 16.19, -0.36, -1.22, nan, 1055.50, nan, 7.46, nan, nan, nan
08:44:56.83,11.0, 28550.0, 196.0, 96.0, 30.200001, 128.600006, 250.0, 2.0, 0.0, 28865.0, 0.0, 3.0, 0.0, 0.0, 0.0, 1219.0, 9200.0, 1.0 , 9.72, -0.21, -1.66, nan, 1079.00, nan, 7.37, nan, nan, nan
08:44:56.95,11.0, 28550.0, 196.0, 96.0, 30.200001, 128.600006, 250.0, 2.0, 2.0, 28865.0, 0.0, 3.0, 0.0, 0.0, 0.0, 1219.0, 9300.0, 1.0 , 13.15, 0.58, -3.33, nan, 1094.25, nan, 7.64, nan, nan, nan
08:44:57.08,11.0, 28550.0, 196.0, 96.0, 30.200001, 128.600006, 250.0, 2.0, 2.0, 28865.0, 0.0, 3.0, 0.0, 0.0, 0.0, 1219.0, 9400.0, 1.0 , 10.42, -0.29, 1.11, nan, 1110.00, nan, 7.55, nan, nan, nan
08:44:57.19,11.0, 28550.0, 196.0, 96.0, 30.200001, 128.600006, 250.0, 2.0, 2.0, 28865.0, 0.0, 3.0, 0.0, 0.0, 0.0, 1219.0, 9700.0, 1.0 , 9.11, 0.56, -2.14, nan, 1117.50, nan, 7.68, nan, nan, nan
08:44:57.31,11.0, 28550.0, 196.0, 96.0, 30.200001, 128.600006, 250.0, 2.0, 2.0, 28865.0, 0.0, 3.0, 0.0, 0.0, 0.0, 1219.0, 9700.0, 1.0 , 9.51, 0.23, -3.46, nan, 1124.50, nan, 7.73, nan, nan, nan
08:44:57.42,11.0, 28550.0, 196.0, 96.0, 30.200001, 128.600006, 250.0, 2.0, 2.0, 28865.0, 35.0, 3.0, 0.0, 0.0, 0.0, 1219.0, 9700.0, 1.0 , 9.04, -0.22, -1.44, nan, 1145.00, nan, 7.55, nan, nan, nan
08:44:57.53,11.0, 28550.0, 196.0, 96.0, 30.200001, 128.600006, 250.0, 2.0, 2.0, 28865.0, 0.0, 4.0, 0.0, 0.0, 0.0, 1219.0, 9600.0, 1.0 , 9.01, -1.10, -1.82, nan, 1162.75, nan, 7.42, nan, nan, nan
08:44:57.63,11.0, 28550.0, 196.0, 96.0, 30.200001, 128.600006, 250.0, 2.0, 2.0, 28865.0, 0.0, 4.0, 0.0, 0.0, 0.0, 1219.0, 9500.0, 1.0 , 10.37, -0.41, -2.13, nan, 1175.00, nan, 7.29, nan, nan, nan
08:44:57.74,11.0, 28550.0, 196.0, 96.0, 30.200001, 128.600006, 250.0, 2.0, 2.0, 28865.0, 0.0, 4.0, 0.0, 0.0, 0.0, 1219.0, 9400.0, 1.0 , 10.43, -0.47, -1.88, nan, 1183.75, nan, 7.50, nan, nan, nan
08:44:57.84,11.0, 28565.0, 196.0, 96.0, 30.200001, 128.600006, 250.0, 2.0, 2.0, 28865.0, 0.0, 4.0, 0.0, 0.0, 0.0, 1219.0, 9300.0, 1.0 , 9.53, -0.75, -2.29, nan, 1192.75, nan, 7.50, nan, nan, nan
08:44:57.95,11.0, 28565.0, 196.0, 96.0, 30.200001, 128.600006, 250.0, 2.0, 0.0, 28865.0, 0.0, 4.0, 0.0, 0.0, 0.0, 1219.0, 9300.0, 1.0 , 9.54, 0.37, -2.16, nan, 1204.00, nan, 7.50, nan, nan, nan
08:44:58.07,11.0, 28565.0, 196.0, 96.0, 30.200001, 128.600006, 250.0, 2.0, 0.0, 28865.0, 0.0, 4.0, 0.0, 0.0, 0.0, 1219.0, 9300.0, 1.0 , 9.22, -0.83, -1.44, nan, 1209.50, nan, 7.33, nan, nan, nan
08:44:58.17,11.0, 28565.0, 196.0, 96.0, 30.200001, 128.600006, 250.0, 2.0, 0.0, 28865.0, 0.0, 4.0, 0.0, 0.0, 0.0, 1219.0, 9300.0, 1.0 , 8.98, -0.46, -2.49, nan, 1207.50, nan, 7.29, nan, nan, nan
08:44:58.29,11.0, 28565.0, 196.0, 96.0, 30.200001, 128.600006, 250.0, 2.0, 0.0, 28865.0, 0.0, 4.0, 0.0, 0.0, 0.0, 1219.0, 9200.0, 1.0 , 7.51, 0.13, -1.20, nan, 1199.50, nan, 7.55, nan, nan, nan
08:44:58.40,11.0, 28565.0, 196.0, 96.0, 30.200001, 128.600006, 250.0, 2.0, 0.0, 28865.0, 0.0, 4.0, 0.0, 0.0, 0.0, 1219.0, 9200.0, 1.0 , 7.77, -0.07, -1.65, nan, 1186.25, nan, 7.50, nan, nan, nan
08:44:58.50,11.0, 28565.0, 196.0, 96.0, 30.200001, 128.600006, 250.0, 2.0, 0.0, 28865.0, 0.0, 4.0, 0.0, 0.0, 0.0, 1219.0, 9200.0, 1.0 , 7.67, -0.51, -2.22, nan, 1175.00, nan, 7.13, nan, nan, nan
08:44:58.61,11.0, 28565.0, 196.0, 96.0, 30.200001, 128.600006, 250.0, 2.0, 0.0, 28865.0, 17.0, 4.0, 0.0, 0.0, 0.0, 1219.0, 9200.0, 1.0 , 9.19, -0.34, -1.48, nan, 1175.25, nan, 7.37, nan, nan, nan
08:44:58.71,11.0, 28565.0, 196.0, 96.0, 30.200001, 128.600006, 500.0, 2.0, 0.0, 28865.0, 0.0, 3.0, 0.0, 0.0, 0.0, 1219.0, 9100.0, 1.0 , 8.17, -0.40, -2.37, nan, 1178.75, nan, 7.50, nan, nan, nan
08:44:58.81,11.0, 28565.0, 196.0, 96.0, 30.200001, 128.600006, 250.0, 2.0, 0.0, 28865.0, 0.0, 3.0, 0.0, 0.0, 0.0, 1219.0, 9100.0, 1.0 , 8.76, -0.83, -2.73, nan, 1181.50, nan, 7.33, nan, nan, nan
08:44:58.90,11.0, 28565.0, 196.0, 96.0, 30.200001, 128.600006, 250.0, 2.0, 0.0, 28865.0, 0.0, 3.0, 0.0, 0.0, 0.0, 1219.0, 9100.0, 1.0 , 10.06, -1.65, -2.51, nan, 1182.50, nan, 7.59, nan, nan, nan
08:44:59.01,11.0, 28565.0, 196.0, 96.0, 30.200001, 128.600006, 250.0, 2.0, 0.0, 28865.0, 17.0, 4.0, 0.0, 0.0, 0.0, 1219.0, 9100.0, 1.0 , 10.49, -0.06, -1.33, nan, 1176.50, nan, 7.46, nan, nan, nan
08:44:59.11,11.0, 28573.0, 190.0, 96.0, 30.200001, 128.600006, 250.0, 2.0, 0.0, 28865.0, 0.0, 4.0, 0.0, 0.0, 0.0, 1219.0, 9000.0, 1.0 , 9.56, -0.80, -1.78, nan, 1171.00, nan, 7.25, nan, nan, nan
08:44:59.20,11.0, 28573.0, 190.0, 96.0, 30.200001, 128.600006, 250.0, 2.0, 0.0, 28865.0, 0.0, 4.0, 0.0, 0.0, 0.0, 1219.0, 9000.0, 1.0 , 8.53, 0.43, -1.84, nan, 1165.75, nan, 7.33, nan, nan, nan
08:44:59.30,11.0, 28573.0, 190.0, 96.0, 30.200001, 128.600006, 250.0, 2.0, 0.0, 28865.0, 0.0, 4.0, 0.0, 0.0, 0.0, 1219.0, 9000.0, 1.0 , 8.32, -0.64, -2.16, nan, 1163.50, nan, 7.46, nan, nan, nan
08:44:59.39,11.0, 28573.0, 190.0, 96.0, 30.200001, 128.600006, 250.0, 2.0, 0.0, 28865.0, 0.0, 4.0, 0.0, 0.0, 0.0, 1219.0, 9000.0, 1.0 , 8.02, -0.06, -1.66, nan, 1155.50, nan, 7.25, nan, nan, nan
08:44:59.49,11.0, 28573.0, 190.0, 96.0, 30.200001, 128.600006, 250.0, 2.0, 0.0, 28865.0, 0.0, 4.0, 0.0, 0.0, 0.0, 1219.0, 9000.0, 1.0 , 7.69, 0.42, -2.97, nan, 1146.75, nan, 7.25, nan, nan, nan
08:44:59.58,11.0, 28573.0, 190.0, 96.0, 30.200001, 128.600006, 250.0, 2.0, 0.0, 28865.0, 0.0, 4.0, 0.0, 0.0, 0.0, 1219.0, 8900.0, 1.0 , 10.24, 0.00, -1.99, nan, 1142.25, nan, 7.29, nan, nan, nan
08:44:59.67,11.0, 28573.0, 190.0, 96.0, 30.200001, 128.600006, 250.0, 2.0, 0.0, 28865.0, 0.0, 4.0, 0.0, 0.0, 0.0, 1219.0, 8900.0, 1.0 , 9.94, -0.37, -1.90, nan, 1134.25, nan, 7.33, nan, nan, nan
08:44:59.76,11.0, 28573.0, 190.0, 96.0, 30.200001, 128.600006, 250.0, 2.0, 0.0, 28865.0, 17.0, 4.0, 0.0, 0.0, 0.0, 1219.0, 8800.0, 1.0 , 9.23, -0.61, -2.12, nan, 1127.75, nan, 7.37, nan, nan, nan
08:44:59.86,11.0, 28573.0, 190.0, 96.0, 30.200001, 128.600006, 250.0, 2.0, 0.0, 28865.0, 0.0, 4.0, 0.0, 0.0, 0.0, 1219.0, 8800.0, 1.0 , 9.32, -0.76, -1.19, nan, 1122.75, nan, 7.33, nan, nan, nan
08:44:59.96,11.0, 28573.0, 190.0, 96.0, 30.200001, 128.600006, 250.0, 2.0, 0.0, 28865.0, 0.0, 4.0, 0.0, 0.0, 0.0, 1219.0, 8800.0, 1.0 , 8.64, -0.60, -2.16, nan, 1112.00, nan, 7.37, nan, nan, nan
08:45:00.05,11.0, 28573.0, 190.0, 96.0, 30.200001, 128.600006, 250.0, 2.0, 0.0, 28865.0, 0.0, 4.0, 0.0, 0.0, 0.0, 1219.0, 8800.0, 1.0 , 10.26, 0.25, -1.17, nan, 1099.25, nan, 7.13, nan, nan, nan
08:45:00.14,11.0, 28573.0, 190.0, 96.0, 30.200001, 128.600006, 250.0, 2.0, 0.0, 28865.0, 0.0, 4.0, 0.0, 0.0, 0.0, 1219.0, 8800.0, 1.0 , 6.60, 0.10, -1.32, nan, 1086.50, nan, 7.33, nan, nan, nan
08:45:00.23,11.0, 28578.0, 188.0, 96.0, 30.200001, 128.600006, 250.0, 2.0, 0.0, 28865.0, 0.0, 4.0, 0.0, 0.0, 0.0, 1219.0, 8800.0, 1.0 , 5.98, 0.07, -2.36, nan, 1068.75, nan, 7.25, nan, nan, nan
08:45:00.33,11.0, 28578.0, 188.0, 96.0, 30.200001, 128.600006, 250.0, 2.0, 0.0, 28865.0, 0.0, 4.0, 0.0, 0.0, 0.0, 1219.0, 8700.0, 1.0 , 8.41, -0.92, -3.42, nan, 1061.50, nan, 7.37, nan, nan, nan
08:45:00.42,11.0, 28578.0, 188.0, 96.0, 30.200001, 128.600006, 250.0, 2.0, 0.0, 28865.0, 0.0, 4.0, 0.0, 0.0, 0.0, 1219.0, 8700.0, 1.0 , 9.83, -0.36, -2.26, nan, 1061.50, nan, 7.29, nan, nan, nan
08:45:00.51,11.0, 28578.0, 188.0, 96.0, 30.200001, 128.600006, 250.0, 2.0, 0.0, 28865.0, 0.0, 4.0, 0.0, 0.0, 0.0, 1219.0, 8700.0, 1.0 , 8.38, -0.16, -2.84, nan, 1056.50, nan, 7.29, nan, nan, nan
08:45:00.61,11.0, 28578.0, 188.0, 96.0, 30.200001, 128.600006, 250.0, 2.0, 0.0, 28865.0, 0.0, 4.0, 0.0, 0.0, 0.0, 1219.0, 8700.0, 1.0 , 7.66, -1.88, -3.60, nan, 1048.00, nan, 7.25, nan, nan, nan
08:45:00.70,11.0, 28578.0, 188.0, 96.0, 30.200001, 128.600006, 250.0, 2.0, 0.0, 28865.0, 17.0, 4.0, 0.0, 0.0, 0.0, 1219.0, 8700.0, 1.0 , 8.54, -0.55, -1.56, nan, 1040.25, nan, 7.33, nan, nan, nan
08:45:00.79,11.0, 28578.0, 188.0, 96.0, 30.200001, 128.600006, 250.0, 2.0, 0.0, 28865.0, 0.0, 4.0, 0.0, 0.0, 0.0, 1219.0, 8800.0, 1.0 , 7.84, -0.72, -2.52, nan, 1026.75, nan, 7.33, nan, nan, nan
08:45:00.88,11.0, 28578.0, 188.0, 96.0, 30.200001, 128.600006, 250.0, 2.0, 0.0, 28865.0, 0.0, 4.0, 0.0, 0.0, 0.0, 1219.0, 8700.0, 1.0 , 8.97, -1.03, -3.21, nan, 1015.50, nan, 7.33, nan, nan, nan
08:45:00.97,11.0, 28578.0, 188.0, 96.0, 30.200001, 128.600006, 250.0, 2.0, 0.0, 28865.0, 0.0, 4.0, 0.0, 0.0, 0.0, 1219.0, 8700.0, 1.0 , 8.01, 0.14, -1.79, nan, 1010.25, nan, 7.37, nan, nan, nan
08:45:01.08,11.0, 28578.0, 188.0, 96.0, 30.200001, 128.600006, 250.0, 2.0, 0.0, 28865.0, 0.0, 4.0, 0.0, 0.0, 0.0, 1219.0, 8700.0, 1.0 , 4.92, -1.16, -3.25, nan, 1008.50, nan, 7.33, nan, nan, nan
08:45:01.18,11.0, 28578.0, 188.0, 96.0, 30.200001, 128.600006, 250.0, 2.0, 0.0, 28865.0, 0.0, 4.0, 0.0, 0.0, 0.0, 1219.0, 8600.0, 1.0 , 8.31, -0.27, -3.25, nan, 1004.00, nan, 7.29, nan, nan, nan
08:45:01.27,11.0, 28578.0, 188.0, 96.0, 30.200001, 128.600006, 250.0, 2.0, 0.0, 28865.0, 0.0, 4.0, 0.0, 0.0, 0.0, 1219.0, 8600.0, 1.0 , 7.83, -0.50, -3.28, nan, 997.75, nan, 7.33, nan, nan, nan
08:45:01.37,11.0, 28578.0, 188.0, 96.0, 30.200001, 128.600006, 250.0, 2.0, 0.0, 28865.0, 0.0, 4.0, 0.0, 0.0, 0.0, 1219.0, 8500.0, 1.0 , 7.55, -1.06, -0.28, nan, 992.00, nan, 7.13, nan, nan, nan
08:45:01.46,11.0, 28576.0, 188.0, 96.0, 30.200001, 128.600006, 250.0, 2.0, 0.0, 28865.0, 0.0, 4.0, 0.0, 0.0, 0.0, 1219.0, 8400.0, 1.0 , 10.56, -1.22, -1.96, nan, 987.00, nan, 7.17, nan, nan, nan
08:45:01.56,11.0, 28576.0, 188.0, 96.0, 30.200001, 128.600006, 250.0, 2.0, 0.0, 28865.0, 0.0, 4.0, 0.0, 0.0, 0.0, 1219.0, 8400.0, 1.0 , 9.28, -0.69, -3.55, nan, 984.50, nan, 7.25, nan, nan, nan
