12:07:38.61,21.0, 26002.0, 87.0, 54.0, 16.4, 69.900002, 500.0, 3.0, 0.0, 26220.0, 17.0, 21.0, 0.0, 0.0, 0.0, 0.0, 0.0, 1.0 , 9.31, -0.93, -3.19, 22.44, 583.75, 9.60, 9.10, 103928.97, -2.34, -11.23
12:07:38.78,21.0, 26002.0, 87.0, 54.0, 16.4, 69.900002, 500.0, 3.0, 0.0, 26220.0, 0.0, 21.0, 0.0, 0.0, 0.0, 0.0, 0.0, 1.0 , 9.26, -0.67, -3.61, 22.43, 613.00, 9.58, 8.81, 103930.77, -2.35, -11.27
12:07:38.96,21.0, 25982.0, 203.0, 54.0, 16.4, 69.900002, 500.0, 3.0, 0.0, 26220.0, 0.0, 21.0, 0.0, 0.0, 0.0, 0.0, 0.0, 1.0 , 8.92, -1.87, -2.77, 22.33, 638.25, 9.53, 9.33, 103925.03, -2.34, -11.40
12:07:39.14,21.0, 25982.0, 203.0, 54.0, 16.4, 69.900002, 500.0, 3.0, 0.0, 26220.0, 17.0, 21.0, 0.0, 0.0, 0.0, 0.0, 0.0, 1.0 , 8.06, -2.07, -2.54, 22.13, 674.25, 9.50, 9.03, 103941.48, -2.36, -11.60
12:07:39.31,21.0, 25982.0, 203.0, 54.0, 16.4, 69.900002, 500.0, 3.0, 0.0, 26220.0, 0.0, 21.0, 0.0, 0.0, 0.0, 0.0, 0.0, 1.0 , 8.15, -1.62, -2.60, 21.93, 739.25, 9.45, 9.03, 103932.76, -2.35, -11.81
12:07:39.45,21.0, 25982.0, 203.0, 54.0, 16.4, 69.900002, 500.0, 3.0, 0.0, 26220.0, 35.0, 21.0, 0.0, 0.0, 0.0, 0.0, 0.0, 1.0 , 9.81, -2.24, -2.57, 21.72, 760.75, 9.43, 9.10, 103932.97, -2.35, -12.01
12:07:39.60,21.0, 25982.0, 203.0, 54.0, 16.4, 69.900002, 500.0, 3.0, 0.0, 26220.0, 17.0, 21.0, 0.0, 0.0, 0.0, 0.0, 1100.0, 1.0 , 10.64, -4.94, -0.95, 21.57, 794.50, 9.39, 9.50, 103932.44, -2.35, -12.16
12:07:39.74,21.0, 25982.0, 203.0, 54.0, 16.4, 69.900002, 500.0, 3.0, 0.0, 26220.0, 17.0, 21.0, 0.0, 0.0, 0.0, 0.0, 1100.0, 1.0 , 4.66, -4.95, -4.29, 21.49, 837.50, 9.37, 8.75, 103931.27, -2.35, -12.26
12:07:39.88,21.0, 25982.0, 203.0, 54.0, 16.4, 69.900002, 500.0, 3.0, 0.0, 26220.0, 0.0, 21.0, 0.0, 0.0, 0.0, 0.0, 1100.0, 1.0 , 10.00, -1.09, -1.83, 21.46, 865.50, 9.37, 8.88, 103934.78, -2.35, -12.28
12:07:40.04,21.0, 25982.0, 203.0, 54.0, 16.4, 69.900002, 500.0, 3.0, 0.0, 26220.0, 0.0, 21.0, 0.0, 0.0, 0.0, 0.0, 1100.0, 1.0 , 9.00, -2.58, -2.38, 21.47, 1068.75, 9.32, 8.95, 103935.69, -2.35, -12.34
12:07:40.19,21.0, 25985.0, 211.0, 54.0, 16.4, 69.900002, 500.0, 3.0, 0.0, 26220.0, 0.0, 21.0, 0.0, 0.0, 0.0, 0.0, 1100.0, 1.0 , 9.37, -1.98, -2.94, 21.47, 1205.00, 9.28, 8.61, 103938.39, -2.35, -12.40
12:07:40.33,21.0, 25985.0, 211.0, 54.0, 16.4, 69.900002, 500.0, 3.0, 0.0, 26220.0, 0.0, 21.0, 0.0, 0.0, 0.0, 0.0, 1100.0, 1.0 , 8.27, -2.50, -2.98, 21.46, 1336.75, 9.29, 8.68, 103940.17, -2.35, -12.39
12:07:40.45,21.0, 25985.0, 211.0, 54.0, 16.4, 69.900002, 500.0, 3.0, 0.0, 26220.0, 0.0, 21.0, 0.0, 0.0, 0.0, 0.0, 1100.0, 1.0 , 10.32, -1.35, -3.07, 21.41, 1633.75, 9.22, 8.43, 103948.10, -2.36, -12.51
12:07:40.59,21.0, 25985.0, 211.0, 54.0, 16.4, 69.900002, 500.0, 1.0, 0.0, 26220.0, 0.0, 21.0, 0.0, 0.0, 0.0, 0.0, 1100.0, 1.0 , 9.89, -0.33, -3.05, 21.30, 1721.25, 9.20, 8.37, 103948.53, -2.36, -12.63
12:07:40.72,21.0, 25985.0, 211.0, 54.0, 16.4, 69.900002, 500.0, 1.0, 0.0, 26220.0, 0.0, 21.0, 0.0, 0.0, 0.0, 0.0, 1100.0, 1.0 , 7.89, -1.16, -1.78, 21.17, 1732.75, 9.20, 8.43, 103947.21, -2.36, -12.73
12:07:40.85,21.0, 25985.0, 211.0, 54.0, 16.4, 69.900002, 500.0, 1.0, 0.0, 26220.0, 0.0, 21.0, 0.0, 0.0, 0.0, 0.0, 1300.0, 1.0 , 9.62, -0.86, -2.25, 21.06, 1614.50, 9.18, 8.03, 103941.39, -2.35, -12.83
12:07:41.03,21.0, 25985.0, 211.0, 54.0, 16.4, 69.900002, 500.0, 1.0, 0.0, 26220.0, 17.0, 21.0, 0.0, 0.0, 0.0, 0.0, 1300.0, 1.0 , 7.92, -0.34, -1.98, 21.00, 1534.50, 9.16, 8.43, 103943.88, -2.36, -12.90
12:07:41.18,21.0, 25985.0, 211.0, 54.0, 16.4, 69.900002, 500.0, 1.0, 0.0, 26220.0, 0.0, 21.0, 0.0, 0.0, 0.0, 0.0, 1300.0, 1.0 , 10.13, 0.88, -1.50, 20.94, 1372.25, 9.17, 8.43, 103943.66, -2.36, -12.94
12:07:41.29,21.0, 25985.0, 211.0, 54.0, 16.4, 69.900002, 500.0, 1.0, 0.0, 26220.0, 0.0, 21.0, 0.0, 0.0, 0.0, 0.0, 1400.0, 1.0 , 10.56, 1.46, -2.25, 20.90, 1344.25, 9.14, 8.61, 103942.61, -2.36, -13.01
12:07:41.42,21.0, 25988.0, 205.0, 54.0, 16.4, 69.900002, 500.0, 1.0, 0.0, 26220.0, 0.0, 21.0, 0.0, 0.0, 0.0, 0.0, 1400.0, 1.0 , 11.63, 0.72, -4.00, 20.86, 1377.00, 9.15, 8.61, 103946.08, -2.36, -13.03
12:07:41.55,21.0, 25988.0, 205.0, 54.0, 16.4, 69.900002, 500.0, 2.0, 0.0, 26220.0, 0.0, 21.0, 0.0, 0.0, 0.0, 0.0, 1400.0, 1.0 , 11.98, -1.59, -2.53, 20.81, 1459.00, 9.13, 8.37, 103950.38, -2.36, -13.10
12:07:41.67,21.0, 25988.0, 205.0, 54.0, 16.4, 69.900002, 500.0, 2.0, 0.0, 26220.0, 0.0, 21.0, 0.0, 0.0, 0.0, 0.0, 1400.0, 1.0 , 7.97, -0.48, -1.77, 20.78, 1515.50, 9.11, 8.14, 103954.70, -2.37, -13.15
12:07:41.81,21.0, 25988.0, 205.0, 54.0, 16.4, 69.900002, 500.0, 1.0, 0.0, 26220.0, 0.0, 21.0, 0.0, 0.0, 0.0, 0.0, 1500.0, 1.0 , 9.75, -0.06, -2.38, 20.73, 1497.00, 9.13, 8.49, 103950.08, -2.36, -13.16
12:07:41.92,21.0, 25988.0, 205.0, 54.0, 16.4, 69.900002, 500.0, 1.0, 0.0, 26220.0, 0.0, 21.0, 0.0, 0.0, 0.0, 0.0, 1500.0, 1.0 , 9.73, -0.87, -1.74, 20.71, 1468.25, 9.11, 8.61, 103943.71, -2.36, -13.20
12:07:42.03,21.0, 25988.0, 205.0, 54.0, 16.4, 69.900002, 500.0, 1.0, 0.0, 26220.0, 17.0, 21.0, 0.0, 0.0, 0.0, 0.0, 1500.0, 1.0 , 9.02, -1.42, -2.54, 20.70, 1447.75, 9.11, 8.19, 103946.33, -2.36, -13.21
12:07:42.14,21.0, 25988.0, 205.0, 54.0, 16.4, 69.900002, 500.0, 1.0, 0.0, 26220.0, 0.0, 21.0, 0.0, 0.0, 0.0, 0.0, 1500.0, 1.0 , 10.76, -0.35, -2.51, 20.70, 1424.75, 9.12, 8.19, 103946.33, -2.36, -13.20
12:07:42.26,21.0, 25988.0, 205.0, 54.0, 16.4, 69.900002, 500.0, 1.0, 0.0, 26220.0, 0.0, 21.0, 0.0, 0.0, 0.0, 0.0, 1600.0, 1.0 , 8.99, 0.08, -2.42, 20.70, 1389.75, 9.09, 8.37, 103949.03, -2.36, -13.22
12:07:42.39,21.0, 25988.0, 205.0, 54.0, 16.4, 69.900002, 500.0, 1.0, 0.0, 26220.0, 17.0, 21.0, 0.0, 0.0, 0.0, 0.0, 1600.0, 1.0 , 8.18, 0.27, -2.14, 20.71, 1363.25, 9.10, 8.37, 103946.41, -2.36, -13.21
