16:10:08.14,22.0, 26629.0, 165.0, 65.0, 19.700001, 83.699997, 250.0, 2.0, 0.0, 26795.0, 0.0, 23.0, 0.0, 0.0, 0.0, 0.0, 0.0, 1.0 , 8.87, -4.08, -0.16, 26.11, 37.25, 16.26, 9.67, 101134.33, 0.17, -1.47
16:10:08.29,22.0, 26632.0, 163.0, 65.0, 19.700001, 83.699997, 250.0, 2.0, 0.0, 26795.0, 17.0, 23.0, 0.0, 0.0, 0.0, 0.0, 0.0, 1.0 , 8.84, -4.18, -0.52, 26.12, 37.75, 16.27, 9.67, 101140.64, 0.17, -1.45
16:10:08.43,22.0, 26632.0, 163.0, 65.0, 19.700001, 83.699997, 250.0, 2.0, 0.0, 26795.0, 0.0, 23.0, 0.0, 0.0, 0.0, 0.0, 0.0, 1.0 , 8.72, -4.07, -0.34, 26.11, 37.50, 16.25, 9.94, 101134.33, 0.17, -1.47
16:10:08.57,22.0, 26632.0, 163.0, 65.0, 19.700001, 83.699997, 250.0, 2.0, 0.0, 26795.0, 0.0, 23.0, 0.0, 0.0, 0.0, 0.0, 0.0, 1.0 , 9.01, -4.25, -0.51, 26.12, 37.75, 16.25, 9.67, 101137.92, 0.17, -1.47
16:10:08.73,22.0, 26632.0, 163.0, 65.0, 19.700001, 83.699997, 250.0, 2.0, 0.0, 26795.0, 0.0, 23.0, 0.0, 0.0, 0.0, 0.0, 0.0, 1.0 , 8.58, -3.53, 0.44, 26.12, 38.00, 16.26, 10.04, 101137.92, 0.17, -1.46
16:10:08.87,22.0, 26632.0, 163.0, 65.0, 19.700001, 83.699997, 250.0, 2.0, 0.0, 26795.0, 0.0, 23.0, 0.0, 0.0, 0.0, 0.0, 0.0, 1.0 , 8.88, -4.09, 0.00, 26.11, 37.50, 16.25, 10.14, 101137.04, 0.17, -1.47
16:10:09.02,22.0, 26632.0, 163.0, 65.0, 19.700001, 83.699997, 250.0, 2.0, 0.0, 26795.0, 17.0, 23.0, 0.0, 0.0, 0.0, 0.0, 0.0, 1.0 , 8.85, -4.18, -0.27, 26.11, 37.50, 16.24, 9.85, 101137.04, 0.17, -1.48
16:10:09.16,22.0, 26632.0, 163.0, 65.0, 19.700001, 83.699997, 250.0, 2.0, 0.0, 26795.0, 0.0, 23.0, 0.0, 0.0, 0.0, 0.0, 0.0, 1.0 , 8.83, -4.14, -0.25, 26.12, 37.50, 16.26, 9.85, 101135.20, 0.17, -1.46
16:10:09.29,22.0, 26632.0, 163.0, 65.0, 19.700001, 83.699997, 250.0, 2.0, 0.0, 26795.0, 0.0, 23.0, 0.0, 0.0, 0.0, 0.0, 0.0, 1.0 , 8.78, -3.99, -0.27, 26.11, 38.00, 16.26, 9.85, 101137.04, 0.17, -1.47
16:10:09.42,22.0, 26632.0, 163.0, 65.0, 19.700001, 83.699997, 250.0, 2.0, 0.0, 26795.0, 0.0, 23.0, 0.0, 0.0, 0.0, 0.0, 0.0, 1.0 , 8.87, -4.19, -0.33, 26.11, 38.00, 16.24, 10.14, 101134.33, 0.17, -1.48
16:10:09.60,22.0, 26628.0, 205.0, 65.0, 19.700001, 83.699997, 250.0, 2.0, 0.0, 26795.0, 0.0, 23.0, 0.0, 0.0, 0.0, 0.0, 0.0, 1.0 , 8.83, -4.02, -0.40, 26.11, 37.75, 16.25, 10.35, 101145.19, 0.16, -1.47
16:10:09.73,22.0, 26628.0, 205.0, 65.0, 19.700001, 83.699997, 500.0, 2.0, 0.0, 26795.0, 17.0, 23.0, 0.0, 0.0, 0.0, 0.0, 0.0, 1.0 , 8.89, -4.16, -0.26, 26.12, 37.50, 16.25, 9.76, 101140.64, 0.17, -1.47
16:10:09.89,22.0, 26628.0, 205.0, 65.0, 19.700001, 83.699997, 250.0, 2.0, 0.0, 26795.0, 0.0, 23.0, 0.0, 0.0, 0.0, 0.0, 0.0, 1.0 , 8.86, -4.18, -0.25, 26.12, 37.75, 16.25, 10.04, 101137.92, 0.17, -1.47
16:10:10.02,22.0, 26628.0, 205.0, 65.0, 19.700001, 83.699997, 250.0, 2.0, 0.0, 26795.0, 0.0, 23.0, 0.0, 0.0, 0.0, 0.0, 0.0, 1.0 , 8.80, -3.53, -0.91, 26.12, 38.00, 16.25, 9.58, 101137.92, 0.17, -1.47
16:10:10.18,22.0, 26628.0, 205.0, 65.0, 19.700001, 83.699997, 1250.0, 2.0, 0.0, 26795.0, 0.0, 23.0, 0.0, 0.0, 0.0, 0.0, 0.0, 1.0 , 8.87, -3.89, -0.33, 26.12, 37.00, 16.25, 9.76, 101137.92, 0.17, -1.47
16:10:10.31,22.0, 26628.0, 205.0, 65.0, 19.700001, 83.699997, 1750.0, 2.0, 0.0, 26795.0, 0.0, 23.0, 0.0, 0.0, 0.0, 0.0, 0.0, 1.0 , 8.98, -4.06, -0.11, 26.12, 38.00, 16.24, 10.04, 101135.20, 0.17, -1.47
16:10:10.45,22.0, 26628.0, 205.0, 65.0, 19.700001, 83.699997, 2500.0, 2.0, 0.0, 26795.0, 0.0, 23.0, 0.0, 0.0, 0.0, 0.0, 0.0, 1.0 , 8.68, -4.00, -0.22, 26.12, 38.00, 16.24, 10.24, 101137.92, 0.17, -1.47
16:10:10.59,22.0, 26628.0, 205.0, 65.0, 19.700001, 83.699997, 3750.0, 1.0, 0.0, 26795.0, 17.0, 23.0, 0.0, 0.0, 0.0, 0.0, 0.0, 1.0 , 9.03, -4.29, -0.25, 26.12, 37.50, 16.25, 9.76, 101137.92, 0.17, -1.47
16:10:10.73,22.0, 26628.0, 206.0, 65.0, 19.700001, 83.699997, 5000.0, 1.0, 0.0, 26795.0, 0.0, 23.0, 0.0, 0.0, 0.0, 0.0, 0.0, 1.0 , 8.89, -4.21, -0.26, 26.12, 38.25, 16.25, 10.24, 101138.84, 0.17, -1.47
16:10:10.89,22.0, 26628.0, 206.0, 65.0, 19.700001, 83.699997, 6500.0, 1.0, 0.0, 26795.0, 0.0, 23.0, 0.0, 0.0, 0.0, 0.0, 0.0, 1.0 , 8.73, -4.25, -0.56, 26.13, 37.25, 16.24, 9.25, 101139.72, 0.17, -1.47
16:10:11.03,22.0, 26628.0, 206.0, 65.0, 19.700001, 83.699997, 6500.0, 1.0, 0.0, 26795.0, 0.0, 23.0, 0.0, 0.0, 0.0, 0.0, 0.0, 1.0 , 9.18, -3.18, 0.76, 26.13, 37.25, 16.24, 10.24, 101139.72, 0.17, -1.47
16:10:11.22,22.0, 26628.0, 206.0, 65.0, 19.700001, 83.699997, 3250.0, 1.0, 0.0, 26795.0, 0.0, 23.0, 0.0, 0.0, 0.0, 65535.0, 0.0, 1.0 , 9.59, -3.73, -0.59, 26.11, 37.25, 16.24, 9.58, 101137.04, 0.17, -1.48
16:10:11.34,22.0, 26628.0, 206.0, 65.0, 19.700001, 83.699997, 1750.0, 2.0, 0.0, 26795.0, 0.0, 23.0, 0.0, 0.0, 0.0, 65533.0, 0.0, 1.0 , 8.49, -3.55, -1.13, 26.12, 37.50, 16.22, 9.85, 101137.92, 0.17, -1.48
16:10:11.48,22.0, 26628.0, 206.0, 65.0, 19.700001, 83.699997, 1000.0, 2.0, 0.0, 26795.0, 0.0, 23.0, 0.0, 0.0, 0.0, 65533.0, 0.0, 1.0 , 8.81, -4.21, 0.15, 26.11, 37.75, 16.25, 9.67, 101139.75, 0.17, -1.47
16:10:11.61,22.0, 26628.0, 206.0, 65.0, 19.700001, 83.699997, 500.0, 2.0, 0.0, 26795.0, 0.0, 23.0, 0.0, 0.0, 0.0, 65533.0, 0.0, 1.0 , 8.95, -3.85, -0.53, 26.11, 36.75, 16.24, 10.68, 101134.33, 0.17, -1.48
16:10:11.77,22.0, 26628.0, 206.0, 65.0, 19.700001, 83.699997, 250.0, 2.0, 2.0, 26795.0, 0.0, 23.0, 0.0, 0.0, 0.0, 65533.0, 0.0, 1.0 , 9.16, -4.20, -0.48, 26.12, 37.75, 16.25, 10.45, 101137.92, 0.17, -1.47
16:10:11.91,22.0, 26623.0, 206.0, 65.0, 19.700001, 83.699997, 250.0, 2.0, 2.0, 26795.0, 0.0, 23.0, 0.0, 0.0, 0.0, 65533.0, 0.0, 1.0 , 8.93, -4.05, 0.05, 26.11, 37.00, 16.24, 9.85, 101136.16, 0.17, -1.48
16:10:12.07,22.0, 26623.0, 206.0, 65.0, 19.700001, 83.699997, 0.0, 2.0, 2.0, 26795.0, 0.0, 23.0, 0.0, 0.0, 0.0, 65533.0, 0.0, 1.0 , 8.86, -4.19, -0.18, 26.11, 36.75, 16.24, 10.04, 101139.75, 0.17, -1.48
16:10:12.22,22.0, 26623.0, 206.0, 65.0, 19.700001, 83.699997, 0.0, 2.0, 0.0, 26795.0, 17.0, 23.0, 0.0, 0.0, 0.0, 65533.0, 0.0, 1.0 , 8.84, -4.30, -0.03, 26.11, 37.50, 16.24, 9.94, 101142.47, 0.16, -1.48
16:10:12.35,22.0, 26623.0, 206.0, 65.0, 19.700001, 83.699997, 0.0, 2.0, 0.0, 26795.0, 0.0, 23.0, 0.0, 0.0, 0.0, 65533.0, 0.0, 1.0 , 8.85, -4.03, -0.26, 26.11, 36.50, 16.24, 10.45, 101133.44, 0.17, -1.48
16:10:12.51,22.0, 26623.0, 206.0, 65.0, 19.700001, 83.699997, 0.0, 2.0, 0.0, 26795.0, 0.0, 23.0, 0.0, 0.0, 0.0, 65533.0, 0.0, 1.0 , 8.76, -4.21, 0.04, 26.12, 37.75, 16.25, 9.67, 101140.64, 0.17, -1.47
16:10:12.66,22.0, 26623.0, 206.0, 65.0, 19.700001, 83.699997, 0.0, 2.0, 0.0, 26795.0, 0.0, 23.0, 0.0, 0.0, 0.0, 65533.0, 0.0, 1.0 , 8.78, -4.09, -0.05, 26.11, 36.75, 16.24, 10.80, 101139.75, 0.17, -1.48
16:10:12.80,22.0, 26623.0, 206.0, 65.0, 19.700001, 83.699997, 0.0, 2.0, 0.0, 26795.0, 0.0, 23.0, 0.0, 0.0, 0.0, 65533.0, 0.0, 1.0 , 8.81, -4.22, 0.26, 26.11, 36.75, 16.25, 10.45, 101136.16, 0.17, -1.47
16:10:12.96,22.0, 26623.0, 206.0, 65.0, 19.700001, 83.699997, 250.0, 2.0, 0.0, 26795.0, 0.0, 23.0, 0.0, 0.0, 0.0, 65533.0, 0.0, 1.0 , 8.92, -4.17, 0.01, 26.11, 36.75, 16.26, 10.14, 101137.04, 0.17, -1.47
16:10:13.10,22.0, 26630.0, 206.0, 65.0, 19.700001, 83.699997, 250.0, 2.0, 0.0, 26795.0, 17.0, 23.0, 0.0, 0.0, 0.0, 65533.0, 0.0, 1.0 , 8.93, -4.16, -0.11, 26.11, 36.75, 16.25, 10.04, 101141.59, 0.17, -1.47
16:10:13.25,22.0, 26630.0, 206.0, 65.0, 19.700001, 83.699997, 0.0, 2.0, 0.0, 26795.0, 0.0, 23.0, 0.0, 0.0, 0.0, 65533.0, 0.0, 1.0 , 8.86, -4.16, -0.23, 26.12, 37.00, 16.24, 10.35, 101138.84, 0.17, -1.47
16:10:13.40,22.0, 26630.0, 206.0, 65.0, 19.700001, 83.699997, 0.0, 2.0, 0.0, 26795.0, 0.0, 23.0, 0.0, 0.0, 0.0, 65533.0, 0.0, 1.0 , 9.00, -4.02, -0.48, 26.12, 36.75, 16.25, 10.14, 101136.13, 0.17, -1.47
16:10:13.54,22.0, 26630.0, 206.0, 65.0, 19.700001, 83.699997, 0.0, 2.0, 0.0, 26795.0, 0.0, 23.0, 0.0, 0.0, 0.0, 65533.0, 0.0, 1.0 , 8.81, -4.20, -0.48, 26.11, 37.25, 16.24, 9.94, 101134.33, 0.17, -1.48
16:10:13.69,22.0, 26630.0, 206.0, 65.0, 19.700001, 83.699997, 250.0, 2.0, 0.0, 26795.0, 17.0, 23.0, 0.0, 0.0, 0.0, 65533.0, 0.0, 1.0 , 8.75, -4.11, -0.39, 26.11, 37.50, 16.26, 9.33, 101134.33, 0.17, -1.47
16:10:13.85,22.0, 26630.0, 206.0, 65.0, 19.700001, 83.699997, 250.0, 2.0, 0.0, 26795.0, 0.0, 23.0, 0.0, 0.0, 0.0, 65533.0, 0.0, 1.0 , 8.70, -4.19, 0.04, 26.12, 36.50, 16.25, 10.24, 101137.92, 0.17, -1.47
16:10:13.98,22.0, 26630.0, 206.0, 65.0, 19.700001, 83.699997, 0.0, 2.0, 0.0, 26795.0, 0.0, 23.0, 0.0, 0.0, 0.0, 65533.0, 0.0, 1.0 , 8.92, -4.06, -0.29, 26.12, 37.00, 16.24, 10.14, 101132.49, 0.17, -1.47
16:10:14.12,22.0, 26630.0, 206.0, 65.0, 19.700001, 83.699997, 250.0, 2.0, 0.0, 26795.0, 17.0, 23.0, 0.0, 0.0, 0.0, 65533.0, 0.0, 1.0 , 8.88, -4.05, -0.67, 26.11, 36.75, 16.24, 9.85, 101142.47, 0.16, -1.48
16:10:14.27,22.0, 26626.0, 205.0, 65.0, 19.700001, 83.699997, 0.0, 2.0, 0.0, 26795.0, 0.0, 23.0, 0.0, 0.0, 0.0, 65533.0, 0.0, 1.0 , 8.86, -4.13, 0.28, 26.12, 37.75, 16.25, 9.85, 101137.92, 0.17, -1.47
16:10:14.39,22.0, 26626.0, 205.0, 65.0, 19.700001, 83.699997, 0.0, 2.0, 0.0, 26795.0, 0.0, 23.0, 0.0, 0.0, 0.0, 65533.0, 0.0, 1.0 , 9.02, -4.03, -0.22, 26.11, 36.75, 16.25, 9.67, 101131.61, 0.17, -1.47
16:10:14.53,22.0, 26626.0, 205.0, 65.0, 19.700001, 83.699997, 0.0, 2.0, 0.0, 26795.0, 0.0, 23.0, 0.0, 0.0, 0.0, 65533.0, 0.0, 1.0 , 8.85, -4.19, -0.20, 26.13, 37.00, 16.24, 9.94, 101137.02, 0.17, -1.47
16:10:14.68,22.0, 26626.0, 205.0, 65.0, 19.700001, 83.699997, 0.0, 2.0, 0.0, 26795.0, 0.0, 23.0, 0.0, 0.0, 0.0, 65533.0, 0.0, 1.0 , 8.79, -4.10, 0.10, 26.12, 37.25, 16.24, 9.67, 101136.13, 0.17, -1.47
16:10:14.81,22.0, 26626.0, 205.0, 65.0, 19.700001, 83.699997, 0.0, 2.0, 0.0, 26795.0, 0.0, 23.0, 0.0, 0.0, 0.0, 65533.0, 0.0, 1.0 , 8.85, -4.27, -0.02, 26.12, 37.00, 16.24, 9.85, 101133.41, 0.17, -1.47
16:10:15.02,22.0, 26626.0, 205.0, 65.0, 19.700001, 83.699997, 250.0, 2.0, 0.0, 26795.0, 0.0, 23.0, 0.0, 0.0, 0.0, 65533.0, 0.0, 1.0 , 8.84, -4.13, -0.11, 26.12, 37.00, 16.26, 10.45, 101132.49, 0.17, -1.46
16:10:15.16,22.0, 26626.0, 205.0, 65.0, 19.700001, 83.699997, 0.0, 2.0, 0.0, 26795.0, 0.0, 23.0, 0.0, 0.0, 0.0, 65533.0, 0.0, 1.0 , 8.79, -4.03, -0.38, 26.12, 36.50, 16.26, 10.14, 101136.13, 0.17, -1.46
16:10:15.31,22.0, 26626.0, 205.0, 65.0, 19.700001, 83.699997, 250.0, 2.0, 0.0, 26795.0, 17.0, 23.0, 0.0, 0.0, 0.0, 65533.0, 0.0, 1.0 , 8.91, -4.07, -0.02, 26.12, 37.25, 16.26, 9.58, 101137.92, 0.17, -1.46
16:10:15.44,22.0, 26626.0, 205.0, 65.0, 19.700001, 83.699997, 0.0, 2.0, 0.0, 26795.0, 0.0, 23.0, 0.0, 0.0, 0.0, 65533.0, 0.0, 1.0 , 8.81, -4.07, -0.34, 26.11, 36.75, 16.24, 10.24, 101142.47, 0.16, -1.48
16:10:15.58,22.0, 26625.0, 205.0, 65.0, 19.700001, 83.699997, 250.0, 2.0, 0.0, 26795.0, 0.0, 23.0, 0.0, 0.0, 0.0, 65533.0, 0.0, 1.0 , 8.96, -4.07, -0.16, 26.11, 37.00, 16.25, 10.04, 101137.04, 0.17, -1.47
16:10:15.73,22.0, 26625.0, 205.0, 65.0, 19.700001, 83.699997, 0.0, 2.0, 0.0, 26795.0, 0.0, 23.0, 0.0, 0.0, 0.0, 65533.0, 0.0, 1.0 , 8.91, -4.20, -0.18, 26.12, 36.75, 16.26, 10.24, 101136.13, 0.17, -1.46
16:10:15.90,22.0, 26625.0, 205.0, 65.0, 19.700001, 83.699997, 0.0, 2.0, 0.0, 26795.0, 0.0, 23.0, 0.0, 0.0, 0.0, 65533.0, 0.0, 1.0 , 8.82, -4.11, -0.09, 26.12, 36.50, 16.24, 9.50, 101141.56, 0.17, -1.47
16:10:16.04,22.0, 26625.0, 205.0, 65.0, 19.700001, 83.699997, 0.0, 2.0, 0.0, 26795.0, 17.0, 23.0, 0.0, 0.0, 0.0, 65533.0, 0.0, 1.0 , 8.79, -4.24, -0.34, 26.11, 37.25, 16.25, 9.85, 101137.04, 0.17, -1.47
16:10:16.16,22.0, 26625.0, 205.0, 65.0, 19.700001, 83.699997, 250.0, 2.0, 0.0, 26795.0, 0.0, 23.0, 0.0, 0.0, 0.0, 65533.0, 0.0, 1.0 , 8.77, -4.13, -0.10, 26.12, 36.75, 16.26, 9.67, 101135.20, 0.17, -1.46
16:10:16.31,22.0, 26625.0, 205.0, 65.0, 19.700001, 83.699997, 250.0, 2.0, 0.0, 26795.0, 0.0, 23.0, 0.0, 0.0, 0.0, 65533.0, 0.0, 1.0 , 8.86, -4.03, -0.14, 26.12, 37.00, 16.26, 9.67, 101144.27, 0.16, -1.46
16:10:16.46,22.0, 26625.0, 205.0, 65.0, 19.700001, 83.699997, 0.0, 2.0, 0.0, 26795.0, 0.0, 23.0, 0.0, 0.0, 0.0, 65533.0, 0.0, 1.0 , 8.95, -4.09, -0.43, 26.12, 37.50, 16.24, 9.94, 101136.13, 0.17, -1.47
16:10:16.57,22.0, 26625.0, 205.0, 65.0, 19.700001, 83.699997, 0.0, 2.0, 0.0, 26795.0, 0.0, 23.0, 0.0, 0.0, 0.0, 65533.0, 0.0, 1.0 , 8.82, -4.18, 0.23, 26.12, 36.50, 16.25, 10.45, 101144.27, 0.16, -1.47
16:10:16.71,22.0, 26624.0, 206.0, 65.0, 19.700001, 83.699997, 0.0, 2.0, 0.0, 26795.0, 0.0, 23.0, 0.0, 0.0, 0.0, 65533.0, 0.0, 1.0 , 8.92, -4.15, 0.27, 26.12, 36.50, 16.23, 10.45, 101138.84, 0.17, -1.48
