17:28:12.88,23.0, 27903.0, 81.0, 80.0, 24.700001, 104.900002, 500.0, 1.0, 0.0, 28060.0, 0.0, 24.0, 0.0, 0.0, 0.0, 0.0, 0.0, 1.0 , 9.37, -3.39, -1.60, 26.13, 50.00, 13.38, 5.50, 101653.70, -0.30, -4.07
17:28:13.09,23.0, 27903.0, 81.0, 80.0, 24.700001, 104.900002, 500.0, 1.0, 0.0, 28060.0, 0.0, 24.0, 0.0, 0.0, 0.0, 0.0, 0.0, 1.0 , 9.22, -3.37, -1.21, 26.13, 50.25, 13.37, 5.44, 101650.09, -0.29, -4.08
17:28:13.29,23.0, 27903.0, 81.0, 80.0, 24.700001, 104.900002, 500.0, 1.0, 0.0, 28060.0, 0.0, 24.0, 0.0, 0.0, 0.0, 0.0, 0.0, 1.0 , 9.06, -3.38, -1.07, 26.12, 49.75, 13.37, 5.34, 101649.23, -0.29, -4.09
17:28:13.49,23.0, 27903.0, 81.0, 80.0, 24.700001, 104.900002, 500.0, 1.0, 0.0, 28060.0, 0.0, 24.0, 0.0, 0.0, 0.0, 0.0, 0.0, 1.0 , 9.19, -3.36, -1.55, 26.13, 49.75, 13.37, 5.37, 101650.96, -0.29, -4.08
17:28:13.69,23.0, 27903.0, 81.0, 80.0, 24.700001, 104.900002, 500.0, 1.0, 0.0, 28060.0, 0.0, 24.0, 0.0, 0.0, 0.0, 0.0, 0.0, 1.0 , 9.14, -3.47, -0.98, 26.13, 49.75, 13.37, 5.41, 101648.22, -0.29, -4.08
17:28:13.89,23.0, 27903.0, 81.0, 80.0, 24.700001, 104.900002, 500.0, 1.0, 0.0, 28060.0, 0.0, 24.0, 0.0, 0.0, 0.0, 0.0, 0.0, 1.0 , 9.20, -3.45, -1.58, 26.13, 50.25, 13.36, 5.35, 101652.84, -0.30, -4.09
17:28:14.07,23.0, 27890.0, 120.0, 80.0, 24.700001, 104.900002, 500.0, 1.0, 0.0, 28060.0, 0.0, 24.0, 0.0, 0.0, 0.0, 0.0, 0.0, 1.0 , 9.02, -3.47, -1.37, 26.13, 49.75, 13.37, 5.42, 101650.09, -0.29, -4.08
17:28:14.25,23.0, 27890.0, 120.0, 80.0, 24.700001, 104.900002, 500.0, 1.0, 0.0, 28060.0, 0.0, 24.0, 0.0, 0.0, 0.0, 0.0, 0.0, 1.0 , 9.12, -3.30, -1.25, 26.12, 50.00, 13.37, 5.50, 101646.50, -0.29, -4.09
17:28:14.47,23.0, 27890.0, 120.0, 80.0, 24.700001, 104.900002, 500.0, 1.0, 0.0, 28060.0, 0.0, 24.0, 0.0, 0.0, 0.0, 0.0, 0.0, 1.0 , 9.24, -3.39, -1.25, 26.12, 50.00, 13.37, 5.44, 101649.23, -0.29, -4.09
17:28:14.67,23.0, 27890.0, 120.0, 80.0, 24.700001, 104.900002, 500.0, 1.0, 0.0, 28060.0, 0.0, 24.0, 0.0, 0.0, 0.0, 0.0, 0.0, 1.0 , 9.22, -3.46, -1.22, 26.13, 50.00, 13.37, 5.39, 101655.58, -0.30, -4.08
17:28:14.86,23.0, 27890.0, 120.0, 80.0, 24.700001, 104.900002, 500.0, 1.0, 0.0, 28060.0, 0.0, 24.0, 0.0, 0.0, 0.0, 0.0, 0.0, 1.0 , 9.18, -3.39, -1.09, 26.13, 49.75, 13.36, 5.51, 101650.09, -0.29, -4.09
17:28:15.06,23.0, 27890.0, 120.0, 80.0, 24.700001, 104.900002, 500.0, 1.0, 0.0, 28060.0, 0.0, 24.0, 0.0, 0.0, 0.0, 0.0, 0.0, 1.0 , 9.20, -3.34, -1.45, 26.13, 50.50, 13.37, 5.32, 101648.22, -0.29, -4.08
17:28:15.24,23.0, 27892.0, 120.0, 80.0, 24.700001, 104.900002, 500.0, 1.0, 0.0, 28060.0, 0.0, 24.0, 0.0, 0.0, 0.0, 0.0, 0.0, 1.0 , 9.11, -3.33, -1.48, 26.13, 49.75, 13.37, 5.53, 101650.09, -0.29, -4.08
17:28:15.41,23.0, 27892.0, 120.0, 80.0, 24.700001, 104.900002, 500.0, 1.0, 0.0, 28060.0, 0.0, 24.0, 0.0, 0.0, 0.0, 0.0, 0.0, 1.0 , 9.15, -3.41, -1.35, 26.13, 50.00, 13.37, 5.42, 101652.84, -0.30, -4.08
17:28:15.63,23.0, 27892.0, 120.0, 80.0, 24.700001, 104.900002, 500.0, 1.0, 0.0, 28060.0, 0.0, 24.0, 0.0, 0.0, 0.0, 0.0, 0.0, 1.0 , 9.19, -3.42, -1.11, 26.13, 50.50, 13.37, 5.50, 101650.96, -0.29, -4.08
17:28:15.79,23.0, 27892.0, 120.0, 80.0, 24.700001, 104.900002, 500.0, 1.0, 0.0, 28060.0, 0.0, 24.0, 0.0, 0.0, 0.0, 0.0, 0.0, 1.0 , 9.18, -3.38, -1.35, 26.12, 49.75, 13.38, 5.41, 101649.23, -0.29, -4.08
17:28:16.01,23.0, 27892.0, 120.0, 80.0, 24.700001, 104.900002, 500.0, 1.0, 0.0, 28060.0, 0.0, 24.0, 0.0, 0.0, 0.0, 0.0, 0.0, 1.0 , 9.22, -3.37, -1.37, 26.12, 50.00, 13.38, 5.42, 101643.77, -0.29, -4.08
17:28:16.17,23.0, 27892.0, 120.0, 80.0, 24.700001, 104.900002, 500.0, 1.0, 0.0, 28060.0, 0.0, 24.0, 0.0, 0.0, 0.0, 0.0, 0.0, 1.0 , 9.19, -3.46, -1.40, 26.12, 49.50, 13.38, 5.35, 101651.98, -0.29, -4.08
17:28:16.36,23.0, 27892.0, 120.0, 80.0, 24.700001, 104.900002, 500.0, 1.0, 0.0, 28060.0, 0.0, 24.0, 0.0, 0.0, 0.0, 0.0, 0.0, 1.0 , 9.18, -3.35, -1.38, 26.12, 50.50, 13.39, 5.42, 101646.50, -0.29, -4.07
17:28:16.54,23.0, 27894.0, 120.0, 80.0, 24.700001, 104.900002, 500.0, 1.0, 0.0, 28060.0, 0.0, 24.0, 0.0, 0.0, 0.0, 0.0, 0.0, 1.0 , 9.19, -3.37, -1.25, 26.13, 50.25, 13.39, 5.39, 101650.96, -0.29, -4.06
17:28:16.75,23.0, 27894.0, 120.0, 80.0, 24.700001, 104.900002, 500.0, 1.0, 0.0, 28060.0, 0.0, 24.0, 0.0, 0.0, 0.0, 0.0, 0.0, 1.0 , 9.22, -3.37, -1.37, 26.13, 50.00, 13.39, 5.41, 101648.22, -0.29, -4.06
17:28:16.94,23.0, 27894.0, 120.0, 80.0, 24.700001, 104.900002, 500.0, 1.0, 0.0, 28060.0, 0.0, 24.0, 0.0, 0.0, 0.0, 0.0, 0.0, 1.0 , 9.33, -3.39, -1.39, 26.13, 49.75, 13.40, 5.44, 101647.36, -0.29, -4.05
17:28:17.13,23.0, 27894.0, 120.0, 80.0, 24.700001, 104.900002, 500.0, 1.0, 0.0, 28060.0, 0.0, 24.0, 0.0, 0.0, 0.0, 0.0, 0.0, 1.0 , 9.42, -3.45, -1.73, 26.12, 50.25, 13.39, 5.35, 101649.23, -0.29, -4.07
17:28:17.29,23.0, 27894.0, 120.0, 80.0, 24.700001, 104.900002, 500.0, 1.0, 0.0, 28060.0, 0.0, 24.0, 0.0, 0.0, 0.0, 0.0, 0.0, 1.0 , 9.16, -3.37, -1.45, 26.13, 50.00, 13.40, 5.59, 101644.63, -0.29, -4.05
17:28:17.50,23.0, 27894.0, 120.0, 80.0, 24.700001, 104.900002, 500.0, 1.0, 0.0, 28060.0, 0.0, 24.0, 0.0, 0.0, 0.0, 0.0, 0.0, 1.0 , 9.16, -3.41, -1.35, 26.13, 49.25, 13.42, 5.48, 101650.96, -0.29, -4.03
17:28:17.68,23.0, 27892.0, 122.0, 80.0, 24.700001, 104.900002, 500.0, 1.0, 0.0, 28060.0, 0.0, 24.0, 0.0, 0.0, 0.0, 0.0, 0.0, 1.0 , 9.24, -3.26, -1.06, 26.13, 50.75, 13.40, 5.50, 101653.70, -0.30, -4.05
17:28:17.87,23.0, 27892.0, 122.0, 80.0, 24.700001, 104.900002, 500.0, 1.0, 0.0, 28060.0, 0.0, 24.0, 0.0, 0.0, 0.0, 0.0, 0.0, 1.0 , 9.18, -3.39, -1.64, 26.13, 50.00, 13.42, 5.39, 101648.22, -0.29, -4.03
17:28:18.08,23.0, 27892.0, 122.0, 80.0, 24.700001, 104.900002, 500.0, 1.0, 0.0, 28060.0, 0.0, 24.0, 0.0, 0.0, 0.0, 0.0, 0.0, 1.0 , 9.41, -3.42, -1.67, 26.14, 49.75, 13.42, 5.32, 101651.83, -0.29, -4.02
17:28:18.28,23.0, 27892.0, 122.0, 80.0, 24.700001, 104.900002, 500.0, 1.0, 0.0, 28060.0, 0.0, 24.0, 0.0, 0.0, 0.0, 0.0, 0.0, 1.0 , 9.40, -3.42, -1.51, 26.13, 50.50, 13.41, 5.37, 101655.58, -0.30, -4.04
17:28:18.45,23.0, 27892.0, 122.0, 80.0, 24.700001, 104.900002, 500.0, 1.0, 0.0, 28060.0, 0.0, 24.0, 0.0, 0.0, 0.0, 0.0, 0.0, 1.0 , 9.15, -3.38, -1.35, 26.13, 49.50, 13.42, 5.46, 101650.96, -0.29, -4.03
17:28:18.63,23.0, 27892.0, 122.0, 80.0, 24.700001, 104.900002, 500.0, 1.0, 0.0, 28060.0, 0.0, 24.0, 0.0, 0.0, 0.0, 0.0, 0.0, 1.0 , 9.11, -3.33, -1.49, 26.13, 50.50, 13.43, 5.46, 101648.22, -0.29, -4.02
17:28:18.82,23.0, 27895.0, 120.0, 80.0, 24.700001, 104.900002, 500.0, 1.0, 0.0, 28060.0, 0.0, 24.0, 0.0, 0.0, 0.0, 0.0, 0.0, 1.0 , 9.22, -3.37, -1.43, 26.13, 50.75, 13.42, 5.41, 101652.84, -0.30, -4.03
17:28:19.05,23.0, 27895.0, 120.0, 80.0, 24.700001, 104.900002, 500.0, 1.0, 0.0, 28060.0, 0.0, 24.0, 0.0, 0.0, 0.0, 0.0, 0.0, 1.0 , 9.16, -3.32, -1.57, 26.12, 49.50, 13.42, 5.44, 101657.45, -0.30, -4.04
17:28:19.24,23.0, 27895.0, 120.0, 80.0, 24.700001, 104.900002, 500.0, 1.0, 0.0, 28060.0, 0.0, 24.0, 0.0, 0.0, 0.0, 0.0, 0.0, 1.0 , 9.21, -3.38, -1.39, 26.13, 50.75, 13.42, 5.46, 101645.48, -0.29, -4.03
17:28:19.42,23.0, 27895.0, 120.0, 80.0, 24.700001, 104.900002, 500.0, 1.0, 0.0, 28060.0, 0.0, 24.0, 0.0, 0.0, 0.0, 0.0, 0.0, 1.0 , 9.35, -3.31, -1.27, 26.12, 50.25, 13.42, 5.41, 101660.19, -0.30, -4.04
17:28:19.62,23.0, 27895.0, 120.0, 80.0, 24.700001, 104.900002, 500.0, 1.0, 0.0, 28060.0, 0.0, 24.0, 0.0, 0.0, 0.0, 0.0, 0.0, 1.0 , 9.18, -3.38, -1.40, 26.13, 50.00, 13.42, 5.39, 101641.89, -0.29, -4.03
17:28:19.82,23.0, 27895.0, 120.0, 80.0, 24.700001, 104.900002, 500.0, 1.0, 0.0, 28060.0, 0.0, 24.0, 0.0, 0.0, 0.0, 0.0, 0.0, 1.0 , 9.14, -3.29, -1.37, 26.13, 50.50, 13.42, 5.44, 101644.63, -0.29, -4.03
17:28:20.02,23.0, 27890.0, 120.0, 80.0, 24.700001, 104.900002, 500.0, 1.0, 0.0, 28060.0, 0.0, 24.0, 0.0, 0.0, 0.0, 0.0, 0.0, 1.0 , 9.19, -3.34, -1.14, 26.13, 49.75, 13.44, 5.41, 101648.22, -0.29, -4.01
17:28:20.21,23.0, 27890.0, 120.0, 80.0, 24.700001, 104.900002, 500.0, 1.0, 0.0, 28060.0, 0.0, 24.0, 0.0, 0.0, 0.0, 0.0, 0.0, 1.0 , 9.29, -3.33, -1.41, 26.13, 49.75, 13.41, 5.50, 101641.89, -0.29, -4.04
17:28:20.39,23.0, 27890.0, 120.0, 80.0, 24.700001, 104.900002, 500.0, 1.0, 0.0, 28060.0, 0.0, 24.0, 0.0, 0.0, 0.0, 0.0, 0.0, 1.0 , 8.97, -3.41, -1.29, 26.13, 50.00, 13.42, 5.39, 101648.22, -0.29, -4.03
17:28:20.56,23.0, 27890.0, 120.0, 80.0, 24.700001, 104.900002, 500.0, 1.0, 0.0, 28060.0, 0.0, 24.0, 0.0, 0.0, 0.0, 0.0, 0.0, 1.0 , 9.12, -3.42, -1.20, 26.14, 50.25, 13.42, 5.42, 101654.56, -0.30, -4.02
