19:06:32.43,23.0, 28236.0, 77.0, 85.0, 26.299999, 111.699997, 18250.0, 1.0, 13.0, 27945.0, 10455.0, 19.0, 277.0, 740.0, 5400.0, 56.0, 3600.0, 1.0 , 8.83, -0.97, -3.00, 23.11, 0.75, 12.79, 5.63, 102874.74, -1.39, -7.04
19:06:32.57,23.0, 28236.0, 77.0, 85.0, 26.299999, 111.699997, 19750.0, 1.0, 18.0, 27715.0, 12219.0, 19.0, 302.0, 800.0, 5800.0, 96.0, 3600.0, 1.0 , 7.57, -1.80, -4.68, 23.07, 0.75, 12.77, 5.71, 102870.48, -1.39, -7.10
19:06:32.69,23.0, 28236.0, 77.0, 85.0, 26.299999, 111.699997, 22000.0, 1.0, 21.0, 27600.0, 15318.0, 19.0, 341.0, 1000.0, 7200.0, 143.0, 3700.0, 1.0 , 8.05, -3.13, -1.97, 23.00, 1.00, 12.76, 5.61, 102872.73, -1.39, -7.16
19:06:32.82,23.0, 28236.0, 77.0, 85.0, 26.299999, 111.699997, 19500.0, 1.0, 18.0, 27600.0, 17687.0, 19.0, 344.0, 1140.0, 8100.0, 212.0, 3800.0, 1.0 , 10.83, -4.01, -2.93, 22.93, 1.00, 12.73, 5.46, 102874.16, -1.39, -7.25
19:06:32.96,23.0, 28222.0, 198.0, 85.0, 26.299999, 111.699997, 15250.0, 1.0, 21.0, 27140.0, 18916.0, 19.0, 366.0, 1220.0, 8700.0, 277.0, 4000.0, 1.0 , 9.62, -2.49, -0.36, 22.88, 1.00, 12.69, 5.51, 102879.03, -1.40, -7.32
19:06:33.11,23.0, 28222.0, 198.0, 85.0, 26.299999, 111.699997, 2250.0, 1.0, 26.0, 27830.0, 16957.0, 19.0, 380.0, 1300.0, 9300.0, 338.0, 4000.0, 1.0 , 8.07, 0.34, -2.79, 22.82, 0.75, 12.67, 5.53, 102881.30, -1.40, -7.39
19:06:33.25,23.0, 28222.0, 198.0, 85.0, 26.299999, 111.699997, 5500.0, 1.0, 27.0, 27715.0, 13216.0, 19.0, 372.0, 1380.0, 9900.0, 425.0, 4300.0, 1.0 , 8.94, -1.41, -2.87, 22.75, 0.75, 12.65, 5.63, 102875.38, -1.40, -7.47
19:06:33.39,23.0, 28222.0, 198.0, 85.0, 26.299999, 111.699997, 15000.0, 1.0, 31.0, 27715.0, 12094.0, 19.0, 427.0, 1560.0, 11100.0, 494.0, 4500.0, 1.0 , 6.37, 1.02, -6.28, 22.70, 0.75, 12.64, 5.57, 102874.80, -1.39, -7.52
19:06:33.50,23.0, 28222.0, 198.0, 85.0, 26.299999, 111.699997, 19000.0, 1.0, 30.0, 27600.0, 15461.0, 19.0, 450.0, 1640.0, 11700.0, 558.0, 4500.0, 1.0 , 9.25, 0.71, -1.83, 22.63, 0.75, 12.64, 5.51, 102887.95, -1.41, -7.58
19:06:33.61,23.0, 28222.0, 198.0, 85.0, 26.299999, 111.699997, 18250.0, 1.0, 45.0, 27370.0, 15692.0, 19.0, 440.0, 1560.0, 11200.0, 636.0, 5700.0, 1.0 , 3.82, -3.00, -2.25, 22.54, 0.75, 12.61, 5.67, 102880.41, -1.40, -7.67
19:06:33.73,23.0, 28222.0, 198.0, 85.0, 26.299999, 111.699997, 10750.0, 1.0, 33.0, 27370.0, 17046.0, 19.0, 473.0, 1740.0, 12400.0, 718.0, 5700.0, 1.0 , 8.84, -2.46, -2.96, 22.49, 0.75, 12.61, 5.53, 102877.11, -1.40, -7.71
19:06:33.84,23.0, 28222.0, 198.0, 85.0, 26.299999, 111.699997, 6250.0, 1.0, 33.0, 27140.0, 17367.0, 19.0, 487.0, 1800.0, 12800.0, 789.0, 6200.0, 1.0 , 8.80, -2.01, -5.03, 22.42, 0.75, 12.60, 5.53, 102873.03, -1.39, -7.78
19:06:33.95,23.0, 28222.0, 198.0, 85.0, 26.299999, 111.699997, 3250.0, 1.0, 31.0, 27370.0, 17687.0, 19.0, 501.0, 1820.0, 13000.0, 876.0, 6600.0, 1.0 , 11.44, 1.06, -0.57, 22.37, 1.00, 12.59, 5.50, 102879.78, -1.40, -7.83
19:06:34.06,23.0, 28222.0, 198.0, 85.0, 26.299999, 111.699997, 250.0, 1.0, 40.0, 27600.0, 12807.0, 19.0, 447.0, 1780.0, 12700.0, 963.0, 7100.0, 1.0 , 12.05, -1.02, -0.39, 22.28, 1.00, 12.58, 5.51, 102875.80, -1.40, -7.91
19:06:34.21,23.0, 27712.0, 5389.0, 85.0, 26.299999, 111.699997, 11250.0, 1.0, 37.0, 27945.0, 7534.0, 19.0, 485.0, 2000.0, 14300.0, 1082.0, 7700.0, 1.0 , 6.51, 0.75, -4.37, 22.22, 0.75, 12.58, 5.57, 102897.95, -1.42, -7.95
19:06:34.35,23.0, 27712.0, 5389.0, 85.0, 26.299999, 111.699997, 15750.0, 1.0, 38.0, 27370.0, 15479.0, 19.0, 556.0, 2100.0, 15100.0, 1197.0, 8000.0, 1.0 , 14.74, -0.54, -4.86, 22.17, 0.75, 12.57, 5.63, 102883.80, -1.40, -8.01
19:06:34.49,23.0, 27712.0, 5389.0, 85.0, 26.299999, 111.699997, 21250.0, 1.0, 40.0, 27140.0, 20021.0, 19.0, 565.0, 2180.0, 15500.0, 1323.0, 8400.0, 1.0 , 13.53, -4.15, -0.03, 22.11, 0.75, 12.57, 5.50, 102879.62, -1.40, -8.05
19:06:34.62,23.0, 27712.0, 5389.0, 85.0, 26.299999, 111.699997, 7250.0, 1.0, 45.0, 27140.0, 20573.0, 19.0, 596.0, 2220.0, 15800.0, 1432.0, 9100.0, 1.0 , 10.71, -0.51, -4.51, 22.08, 0.75, 12.57, 5.48, 102887.10, -1.41, -8.08
19:06:34.74,23.0, 27712.0, 5389.0, 85.0, 26.299999, 111.699997, 10750.0, 1.0, 52.0, 26220.0, 24688.0, 19.0, 640.0, 2380.0, 17000.0, 1547.0, 9600.0, 1.0 , 6.59, 0.85, -6.79, 22.03, 0.50, 12.56, 5.57, 102887.39, -1.41, -8.13
19:06:34.88,23.0, 27712.0, 5389.0, 85.0, 26.299999, 111.699997, 21000.0, 1.0, 39.0, 26680.0, 23904.0, 19.0, 642.0, 2420.0, 17200.0, 1702.0, 10000.0, 1.0 , 12.29, 1.42, -3.92, 21.97, 0.50, 12.59, 5.51, 102885.92, -1.40, -8.15
19:06:35.03,23.0, 27712.0, 5389.0, 85.0, 26.299999, 111.699997, 11750.0, 1.0, 52.0, 26910.0, 20858.0, 19.0, 651.0, 2500.0, 17800.0, 1820.0, 10600.0, 1.0 , 13.49, -1.61, 2.24, 21.94, 0.75, 12.58, 5.53, 102888.84, -1.41, -8.18
19:06:35.17,23.0, 27712.0, 5389.0, 85.0, 26.299999, 111.699997, 3250.0, 1.0, 57.0, 27025.0, 18275.0, 19.0, 658.0, 2540.0, 18200.0, 1981.0, 10800.0, 1.0 , 7.59, -4.20, -2.08, 21.90, 0.75, 12.59, 5.51, 102887.28, -1.41, -8.19
19:06:35.31,23.0, 27712.0, 5389.0, 85.0, 26.299999, 111.699997, 16000.0, 1.0, 49.0, 27370.0, 16191.0, 19.0, 658.0, 2660.0, 19000.0, 2125.0, 10900.0, 1.0 , 12.84, 0.98, -4.39, 21.86, 0.75, 12.59, 5.51, 102879.41, -1.40, -8.23
19:06:35.46,23.0, 27292.0, 7656.0, 85.0, 26.299999, 111.699997, 16750.0, 1.0, 51.0, 27485.0, 11649.0, 19.0, 658.0, 2800.0, 20000.0, 2279.0, 11200.0, 1.0 , 9.58, 0.01, -5.84, 21.81, 0.75, 12.59, 5.51, 102892.41, -1.41, -8.27
19:06:35.59,23.0, 27292.0, 7656.0, 85.0, 26.299999, 111.699997, 9000.0, 1.0, 74.0, 27485.0, 11043.0, 19.0, 658.0, 2800.0, 20000.0, 2416.0, 11500.0, 1.0 , 9.85, 1.79, -0.73, 21.76, 0.50, 12.59, 5.57, 102886.41, -1.41, -8.31
19:06:35.72,23.0, 27292.0, 7656.0, 85.0, 26.299999, 111.699997, 5250.0, 1.0, 56.0, 27600.0, 10277.0, 19.0, 658.0, 2900.0, 20600.0, 2574.0, 12000.0, 1.0 , 15.54, -0.42, 2.92, 21.70, 0.50, 12.60, 5.44, 102890.38, -1.41, -8.35
19:06:35.85,23.0, 27292.0, 7656.0, 85.0, 26.299999, 111.699997, 14500.0, 1.0, 58.0, 27715.0, 8247.0, 19.0, 658.0, 2940.0, 21000.0, 2713.0, 12700.0, 1.0 , 10.50, -1.00, -5.78, 21.68, 0.50, 12.60, 5.42, 102894.16, -1.41, -8.36
19:06:35.97,23.0, 27292.0, 7656.0, 85.0, 26.299999, 111.699997, 8500.0, 1.0, 55.0, 27715.0, 8229.0, 19.0, 658.0, 3000.0, 21400.0, 2857.0, 12800.0, 1.0 , 5.19, -0.15, -3.96, 21.62, 0.50, 12.60, 5.50, 102895.41, -1.41, -8.41
19:06:36.09,23.0, 27292.0, 7656.0, 85.0, 26.299999, 111.699997, 2000.0, 1.0, 74.0, 28060.0, 4346.0, 19.0, 565.0, 2820.0, 20200.0, 2996.0, 12900.0, 1.0 , 6.11, 0.11, -4.41, 21.57, 0.50, 12.62, 5.42, 102901.16, -1.42, -8.43
19:06:36.21,23.0, 27292.0, 7656.0, 85.0, 26.299999, 111.699997, 7500.0, 1.0, 63.0, 28060.0, 2956.0, 19.0, 631.0, 3020.0, 21500.0, 3136.0, 13000.0, 1.0 , 9.54, -0.69, -2.37, 21.49, 0.50, 12.62, 5.51, 102892.59, -1.41, -8.49
19:06:36.33,23.0, 27292.0, 7656.0, 85.0, 26.299999, 111.699997, 6500.0, 1.0, 56.0, 27830.0, 7107.0, 19.0, 657.0, 3000.0, 21400.0, 3281.0, 13100.0, 1.0 , 10.28, -1.37, -4.00, 21.42, 0.25, 12.65, 5.55, 102890.33, -1.41, -8.51
19:06:36.45,23.0, 27292.0, 7656.0, 85.0, 26.299999, 111.699997, 3250.0, 1.0, 54.0, 27830.0, 8389.0, 19.0, 657.0, 2980.0, 21200.0, 3425.0, 13200.0, 1.0 , 9.04, 1.83, -4.42, 21.35, 0.50, 12.67, 5.55, 102892.57, -1.41, -8.55
19:06:36.56,23.0, 27676.0, 4993.0, 84.0, 26.200001, 111.599998, 500.0, 2.0, 0.0, 28290.0, 2137.0, 19.0, 550.0, 2820.0, 20200.0, 3542.0, 13200.0, 1.0 , 9.78, -2.28, -1.47, 21.27, 0.50, 12.67, 5.51, 102900.30, -1.42, -8.62
19:06:36.68,23.0, 27676.0, 4993.0, 84.0, 26.200001, 111.599998, 750.0, 2.0, 26.0, 28290.0, 1710.0, 19.0, 550.0, 2860.0, 20400.0, 3680.0, 13300.0, 1.0 , -8.08, -6.99, -1.74, 21.21, 0.50, 12.69, 5.50, 102892.51, -1.41, -8.64
19:06:36.80,23.0, 27676.0, 4993.0, 84.0, 26.200001, 111.599998, 750.0, 1.0, 0.0, 28290.0, 926.0, 19.0, 550.0, 2920.0, 20900.0, 3818.0, 13200.0, 1.0 , 10.89, 5.86, -7.46, 21.15, 0.50, 12.71, 5.48, 102888.31, -1.41, -8.67
19:06:36.90,23.0, 27676.0, 4993.0, 84.0, 26.200001, 111.599998, 750.0, 1.0, 6.0, 28290.0, 552.0, 19.0, 550.0, 2980.0, 21200.0, 3935.0, 13100.0, 1.0 , 15.16, 3.92, 1.84, 21.08, 0.50, 12.72, 5.46, 102889.64, -1.41, -8.71
19:06:37.01,23.0, 27676.0, 4993.0, 84.0, 26.200001, 111.599998, 500.0, 2.0, 0.0, 28290.0, 0.0, 19.0, 0.0, 0.0, 0.0, 4069.0, 13100.0, 1.0 , 10.47, 0.67, -6.37, 21.03, 0.50, 12.73, 5.50, 102891.74, -1.41, -8.74
19:06:37.11,23.0, 27676.0, 4993.0, 84.0, 26.200001, 111.599998, 750.0, 1.0, 5.0, 28290.0, 0.0, 19.0, 0.0, 0.0, 0.0, 4158.0, 13100.0, 1.0 , 6.80, -0.80, -0.38, 21.00, 0.50, 12.75, 5.48, 102886.49, -1.41, -8.74
19:06:37.21,23.0, 27676.0, 4993.0, 84.0, 26.200001, 111.599998, 750.0, 1.0, 5.0, 28290.0, 0.0, 19.0, 0.0, 0.0, 0.0, 4225.0, 13100.0, 1.0 , 2.30, 0.76, -1.80, 20.94, 0.75, 12.76, 5.48, 102892.31, -1.41, -8.78
19:06:37.32,23.0, 27676.0, 4993.0, 84.0, 26.200001, 111.599998, 500.0, 1.0, 5.0, 28290.0, 0.0, 19.0, 0.0, 0.0, 0.0, 4274.0, 13100.0, 1.0 , 17.98, -0.39, 1.45, 20.90, 0.50, 12.79, 5.34, 102894.33, -1.41, -8.78
19:06:37.43,23.0, 27676.0, 4993.0, 84.0, 26.200001, 111.599998, 750.0, 2.0, 0.0, 28290.0, 0.0, 19.0, 0.0, 0.0, 0.0, 4305.0, 13100.0, 1.0 , 5.76, -0.46, -2.06, 20.87, 0.75, 12.81, 5.46, 102891.79, -1.41, -8.79
19:06:37.53,23.0, 27676.0, 4993.0, 84.0, 26.200001, 111.599998, 500.0, 2.0, 0.0, 28405.0, 0.0, 19.0, 0.0, 0.0, 0.0, 4322.0, 13300.0, 1.0 , 18.00, -0.55, -0.36, 20.84, 0.75, 12.83, 5.35, 102893.80, -1.41, -8.79
19:06:37.62,23.0, 27676.0, 4993.0, 84.0, 26.200001, 111.599998, 500.0, 1.0, 3.0, 28405.0, 0.0, 19.0, 0.0, 0.0, 0.0, 4326.0, 13500.0, 1.0 , 11.29, 0.72, -3.32, 20.81, 0.75, 12.84, 5.35, 102894.86, -1.41, -8.81
19:06:37.72,23.0, 27676.0, 4993.0, 84.0, 26.200001, 111.599998, 500.0, 1.0, 3.0, 28405.0, 0.0, 19.0, 0.0, 0.0, 0.0, 4326.0, 14100.0, 1.0 , 14.84, 0.57, -1.12, 20.76, 0.75, 12.87, 5.55, 102893.40, -1.41, -8.82
19:06:37.82,23.0, 28124.0, 1080.0, 84.0, 26.200001, 111.599998, 500.0, 2.0, 0.0, 28405.0, 0.0, 19.0, 0.0, 0.0, 0.0, 4326.0, 14400.0, 1.0 , 15.82, -1.47, -0.18, 20.71, 0.75, 12.88, 5.44, 102903.64, -1.42, -8.84
19:06:37.92,23.0, 28124.0, 1080.0, 84.0, 26.200001, 111.599998, 500.0, 2.0, 0.0, 28405.0, 0.0, 19.0, 0.0, 0.0, 0.0, 4326.0, 14800.0, 1.0 , 2.71, 0.02, -3.96, 20.64, 1.00, 12.90, 5.50, 102906.70, -1.42, -8.88
19:06:38.02,23.0, 28124.0, 1080.0, 84.0, 26.200001, 111.599998, 500.0, 2.0, 0.0, 28405.0, 0.0, 19.0, 0.0, 0.0, 0.0, 4326.0, 15200.0, 1.0 , 16.87, -2.56, -0.53, 20.60, 1.00, 12.92, 5.50, 102906.95, -1.42, -8.89
19:06:38.12,23.0, 28124.0, 1080.0, 84.0, 26.200001, 111.599998, 500.0, 2.0, 2.0, 28405.0, 0.0, 19.0, 0.0, 0.0, 0.0, 4326.0, 15200.0, 1.0 , 7.49, -3.09, -1.40, 20.55, 1.00, 12.94, 5.48, 102895.52, -1.41, -8.91
19:06:38.21,23.0, 28124.0, 1080.0, 84.0, 26.200001, 111.599998, 500.0, 2.0, 2.0, 28405.0, 0.0, 19.0, 0.0, 0.0, 0.0, 4326.0, 15300.0, 1.0 , 7.76, 0.68, -4.42, 20.50, 1.00, 12.97, 5.48, 102903.04, -1.42, -8.92
19:06:38.31,23.0, 28124.0, 1080.0, 84.0, 26.200001, 111.599998, 500.0, 2.0, 2.0, 28405.0, 0.0, 19.0, 0.0, 0.0, 0.0, 4326.0, 15500.0, 1.0 , 7.09, -1.25, -4.52, 20.45, 1.25, 13.00, 5.44, 102894.28, -1.41, -8.93
19:06:38.44,23.0, 28124.0, 1080.0, 84.0, 26.200001, 111.599998, 500.0, 2.0, 0.0, 28405.0, 0.0, 19.0, 0.0, 0.0, 0.0, 4326.0, 15600.0, 1.0 , 9.79, -0.82, -5.54, 20.38, 1.25, 13.02, 5.50, 102910.05, -1.43, -8.97
19:06:38.56,23.0, 28124.0, 1080.0, 84.0, 26.200001, 111.599998, 500.0, 2.0, 0.0, 28405.0, 0.0, 19.0, 0.0, 0.0, 0.0, 4326.0, 15800.0, 1.0 , 4.95, -2.11, 0.25, 20.33, 1.25, 13.04, 5.42, 102903.97, -1.42, -8.98
19:06:38.66,23.0, 28124.0, 1080.0, 84.0, 26.200001, 111.599998, 500.0, 2.0, 2.0, 28405.0, 0.0, 19.0, 0.0, 0.0, 0.0, 4326.0, 16000.0, 1.0 , 15.80, -2.46, -1.45, 20.28, 1.50, 13.06, 5.51, 102895.21, -1.41, -9.00
19:06:38.76,23.0, 28124.0, 1080.0, 84.0, 26.200001, 111.599998, 500.0, 2.0, 2.0, 28405.0, 0.0, 19.0, 0.0, 0.0, 0.0, 4326.0, 15800.0, 1.0 , 2.02, -2.05, 1.15, 20.22, 1.50, 13.08, 5.37, 102901.84, -1.42, -9.03
19:06:38.87,23.0, 28124.0, 1080.0, 84.0, 26.200001, 111.599998, 500.0, 2.0, 2.0, 28405.0, 0.0, 19.0, 0.0, 0.0, 0.0, 4326.0, 15600.0, 1.0 , 11.68, -2.39, -0.99, 20.16, 1.75, 13.12, 5.35, 102890.48, -1.41, -9.04
19:06:38.97,23.0, 28146.0, 186.0, 84.0, 26.200001, 111.599998, 500.0, 2.0, 2.0, 28405.0, 0.0, 19.0, 0.0, 0.0, 0.0, 4326.0, 15500.0, 1.0 , 3.91, 0.72, -4.17, 20.10, 2.00, 13.13, 5.57, 102905.26, -1.42, -9.08
19:06:39.08,23.0, 28146.0, 186.0, 84.0, 26.200001, 111.599998, 500.0, 2.0, 0.0, 28405.0, 0.0, 19.0, 0.0, 0.0, 0.0, 4326.0, 15400.0, 1.0 , -2.14, 1.15, -0.20, 20.05, 2.00, 13.16, 5.53, 102904.63, -1.42, -9.09
19:06:39.17,23.0, 28146.0, 186.0, 84.0, 26.200001, 111.599998, 500.0, 2.0, 0.0, 28405.0, 0.0, 19.0, 0.0, 0.0, 0.0, 4326.0, 15400.0, 1.0 , 13.43, 1.89, -9.42, 20.01, 2.00, 13.18, 5.37, 102911.17, -1.43, -9.11
19:06:39.27,23.0, 28146.0, 186.0, 84.0, 26.200001, 111.599998, 500.0, 2.0, 0.0, 28405.0, 17.0, 19.0, 0.0, 0.0, 0.0, 4326.0, 15300.0, 1.0 , 18.78, -0.77, 0.57, 19.98, 2.00, 13.19, 5.34, 102915.91, -1.43, -9.12
19:06:39.36,23.0, 28146.0, 186.0, 84.0, 26.200001, 111.599998, 750.0, 2.0, 0.0, 28405.0, 17.0, 19.0, 0.0, 0.0, 0.0, 4326.0, 15100.0, 1.0 , 7.89, 0.43, -2.71, 19.93, 2.25, 13.21, 5.46, 102914.33, -1.43, -9.14
19:06:39.46,23.0, 28146.0, 186.0, 84.0, 26.200001, 111.599998, 500.0, 2.0, 0.0, 28405.0, 0.0, 19.0, 0.0, 0.0, 0.0, 4326.0, 14800.0, 1.0 , 9.38, 2.51, -3.08, 19.89, 2.25, 13.23, 5.46, 102906.44, -1.42, -9.14
19:06:39.56,23.0, 28146.0, 186.0, 84.0, 26.200001, 111.599998, 750.0, 2.0, 0.0, 28405.0, 0.0, 19.0, 0.0, 0.0, 0.0, 4326.0, 14900.0, 1.0 , 10.19, 5.35, -1.85, 19.82, 2.50, 13.25, 5.30, 102911.30, -1.43, -9.18
19:06:39.69,23.0, 28146.0, 186.0, 84.0, 26.200001, 111.599998, 750.0, 2.0, 0.0, 28405.0, 0.0, 19.0, 0.0, 0.0, 0.0, 4326.0, 15000.0, 1.0 , 15.38, -3.01, -0.30, 19.76, 2.50, 13.29, 5.48, 102919.79, -1.44, -9.19
19:06:39.82,23.0, 28146.0, 186.0, 84.0, 26.200001, 111.599998, 750.0, 2.0, 0.0, 28405.0, 0.0, 19.0, 0.0, 0.0, 0.0, 4326.0, 15400.0, 1.0 , 5.95, -0.76, 3.68, 19.72, 2.75, 13.29, 5.44, 102915.48, -1.43, -9.23
19:06:39.91,23.0, 28146.0, 186.0, 84.0, 26.200001, 111.599998, 500.0, 2.0, 0.0, 28405.0, 0.0, 19.0, 0.0, 0.0, 0.0, 4326.0, 15300.0, 1.0 , 4.44, -3.66, 1.45, 19.68, 2.75, 13.31, 5.42, 102916.61, -1.43, -9.24
19:06:40.01,23.0, 28146.0, 186.0, 84.0, 26.200001, 111.599998, 750.0, 2.0, 0.0, 28405.0, 0.0, 19.0, 0.0, 0.0, 0.0, 4326.0, 15300.0, 1.0 , 16.23, -1.88, -1.25, 19.64, 3.00, 13.31, 5.30, 102916.84, -1.43, -9.27
19:06:40.11,23.0, 28146.0, 186.0, 84.0, 26.200001, 111.599998, 750.0, 2.0, 0.0, 28405.0, 0.0, 19.0, 0.0, 0.0, 0.0, 4326.0, 15300.0, 1.0 , 15.27, -1.86, -4.04, 19.58, 3.00, 13.35, 5.35, 102916.20, -1.43, -9.28
19:06:40.21,23.0, 28152.0, 190.0, 84.0, 26.200001, 111.599998, 750.0, 2.0, 0.0, 28405.0, 17.0, 19.0, 0.0, 0.0, 0.0, 4326.0, 15300.0, 1.0 , 10.91, -1.09, -1.58, 19.53, 3.50, 13.38, 5.41, 102912.88, -1.43, -9.29
19:06:40.31,23.0, 28152.0, 190.0, 84.0, 26.200001, 111.599998, 750.0, 2.0, 0.0, 28405.0, 0.0, 19.0, 0.0, 0.0, 0.0, 4326.0, 15400.0, 1.0 , 11.94, -2.18, 1.66, 19.49, 3.50, 13.38, 5.32, 102913.09, -1.43, -9.32
19:06:40.40,23.0, 28152.0, 190.0, 84.0, 26.200001, 111.599998, 750.0, 2.0, 0.0, 28405.0, 0.0, 19.0, 0.0, 0.0, 0.0, 4326.0, 15600.0, 1.0 , 10.97, -4.59, 4.88, 19.44, 3.75, 13.39, 5.46, 102915.16, -1.43, -9.35
19:06:40.50,23.0, 28152.0, 190.0, 84.0, 26.200001, 111.599998, 750.0, 2.0, 0.0, 28405.0, 17.0, 19.0, 0.0, 0.0, 0.0, 4326.0, 15600.0, 1.0 , 14.20, 1.61, -2.65, 19.41, 3.75, 13.42, 5.35, 102918.02, -1.43, -9.35
19:06:40.60,23.0, 28152.0, 190.0, 84.0, 26.200001, 111.599998, 750.0, 2.0, 0.0, 28405.0, 0.0, 19.0, 0.0, 0.0, 0.0, 4326.0, 15400.0, 1.0 , 8.17, 1.40, -6.55, 19.34, 3.75, 13.44, 5.44, 102922.91, -1.44, -9.38
19:06:40.69,23.0, 28152.0, 190.0, 84.0, 26.200001, 111.599998, 750.0, 1.0, 0.0, 28405.0, 0.0, 19.0, 0.0, 0.0, 0.0, 4326.0, 15200.0, 1.0 , 10.36, 2.59, -3.59, 19.28, 3.75, 13.47, 5.37, 102915.09, -1.43, -9.40
19:06:40.79,23.0, 28152.0, 190.0, 84.0, 26.200001, 111.599998, 750.0, 1.0, 0.0, 28405.0, 0.0, 19.0, 0.0, 0.0, 0.0, 4326.0, 14500.0, 1.0 , 7.59, 5.57, -7.61, 19.21, 4.00, 13.49, 5.37, 102914.52, -1.43, -9.44
19:06:40.89,23.0, 28152.0, 190.0, 84.0, 26.200001, 111.599998, 750.0, 1.0, 0.0, 28405.0, 0.0, 19.0, 0.0, 0.0, 0.0, 4326.0, 14300.0, 1.0 , 1.72, 3.06, -3.29, 19.15, 4.00, 13.51, 5.25, 102922.10, -1.44, -9.46
19:06:40.99,23.0, 28152.0, 190.0, 84.0, 26.200001, 111.599998, 750.0, 1.0, 0.0, 28405.0, 0.0, 19.0, 0.0, 0.0, 0.0, 4326.0, 14100.0, 1.0 , 7.04, -2.59, 1.71, 19.10, 4.00, 13.52, 5.37, 102919.62, -1.44, -9.50
19:06:41.09,23.0, 28152.0, 190.0, 84.0, 26.200001, 111.599998, 750.0, 2.0, 0.0, 28405.0, 0.0, 19.0, 0.0, 0.0, 0.0, 4326.0, 13700.0, 1.0 , 6.56, -1.59, -4.54, 19.06, 4.00, 13.54, 5.39, 102923.43, -1.44, -9.51
19:06:41.19,23.0, 28152.0, 190.0, 84.0, 26.200001, 111.599998, 750.0, 1.0, 0.0, 28405.0, 0.0, 19.0, 0.0, 0.0, 0.0, 4326.0, 13500.0, 1.0 , 6.24, -0.54, -4.63, 18.99, 3.75, 13.58, 5.30, 102916.56, -1.43, -9.53
19:06:41.29,23.0, 28152.0, 190.0, 84.0, 26.200001, 111.599998, 500.0, 1.0, 9.0, 28405.0, 0.0, 19.0, 0.0, 0.0, 0.0, 4326.0, 13000.0, 1.0 , 5.71, -1.94, -2.55, 18.95, 3.75, 13.59, 5.37, 102914.11, -1.43, -9.55
19:06:41.39,23.0, 28160.0, 188.0, 84.0, 26.200001, 111.599998, 750.0, 2.0, 0.0, 28405.0, 0.0, 19.0, 0.0, 0.0, 0.0, 4326.0, 12800.0, 1.0 , 4.61, -1.96, 1.20, 18.92, 3.75, 13.61, 5.46, 102917.84, -1.43, -9.56
19:06:41.49,23.0, 28160.0, 188.0, 84.0, 26.200001, 111.599998, 750.0, 1.0, 6.0, 28405.0, 0.0, 19.0, 0.0, 0.0, 0.0, 4326.0, 12700.0, 1.0 , 8.97, -2.33, 1.57, 18.85, 3.50, 13.62, 5.39, 102910.98, -1.43, -9.60
19:06:41.58,23.0, 28160.0, 188.0, 84.0, 26.200001, 111.599998, 750.0, 2.0, 0.0, 28405.0, 0.0, 19.0, 0.0, 0.0, 0.0, 4326.0, 12500.0, 1.0 , 13.44, -1.25, 3.21, 18.81, 3.50, 13.64, 5.29, 102912.08, -1.43, -9.61
19:06:41.68,23.0, 28160.0, 188.0, 84.0, 26.200001, 111.599998, 750.0, 2.0, 0.0, 28405.0, 0.0, 19.0, 0.0, 0.0, 0.0, 4326.0, 12200.0, 1.0 , 8.79, -0.99, -2.85, 18.76, 3.00, 13.66, 5.39, 102911.45, -1.43, -9.63
19:06:41.77,23.0, 28160.0, 188.0, 84.0, 26.200001, 111.599998, 500.0, 2.0, 0.0, 28405.0, 0.0, 19.0, 0.0, 0.0, 0.0, 4326.0, 12200.0, 1.0 , 11.63, -0.93, -3.34, 18.70, 3.00, 13.67, 5.30, 102904.51, -1.42, -9.67
19:06:41.87,23.0, 28160.0, 188.0, 84.0, 26.200001, 111.599998, 500.0, 2.0, 0.0, 28405.0, 0.0, 19.0, 0.0, 0.0, 0.0, 4326.0, 12000.0, 1.0 , 10.04, -1.25, -3.24, 18.67, 2.75, 13.70, 5.35, 102910.06, -1.43, -9.67
19:06:41.97,23.0, 28160.0, 188.0, 84.0, 26.200001, 111.599998, 750.0, 2.0, 0.0, 28405.0, 0.0, 19.0, 0.0, 0.0, 0.0, 4326.0, 11800.0, 1.0 , 3.92, -0.87, -0.94, 18.62, 2.50, 13.71, 5.35, 102912.11, -1.43, -9.70
19:06:42.06,23.0, 28160.0, 188.0, 84.0, 26.200001, 111.599998, 500.0, 2.0, 0.0, 28405.0, 0.0, 19.0, 0.0, 0.0, 0.0, 4326.0, 11600.0, 1.0 , 7.01, -1.16, -2.12, 18.57, 2.75, 13.75, 5.30, 102912.33, -1.43, -9.71
19:06:42.16,23.0, 28160.0, 188.0, 84.0, 26.200001, 111.599998, 500.0, 1.0, 3.0, 28405.0, 0.0, 19.0, 0.0, 0.0, 0.0, 4326.0, 11400.0, 1.0 , 9.91, -0.14, -3.98, 18.53, 2.50, 13.75, 5.37, 102910.72, -1.43, -9.74
19:06:42.25,23.0, 28160.0, 188.0, 84.0, 26.200001, 111.599998, 500.0, 1.0, 3.0, 28405.0, 0.0, 19.0, 0.0, 0.0, 0.0, 4326.0, 11200.0, 1.0 , 15.36, -2.21, -1.76, 18.50, 2.50, 13.75, 5.34, 102916.27, -1.43, -9.76
19:06:42.35,23.0, 28160.0, 188.0, 84.0, 26.200001, 111.599998, 500.0, 1.0, 3.0, 28405.0, 0.0, 19.0, 0.0, 0.0, 0.0, 4326.0, 11000.0, 1.0 , 10.13, -1.20, 0.88, 18.46, 2.50, 13.77, 5.42, 102913.78, -1.43, -9.77
19:06:42.44,23.0, 28160.0, 188.0, 84.0, 26.200001, 111.599998, 500.0, 2.0, 0.0, 28405.0, 0.0, 19.0, 0.0, 0.0, 0.0, 4326.0, 11000.0, 1.0 , 8.99, -0.35, -3.31, 18.41, 2.25, 13.80, 5.41, 102915.83, -1.43, -9.78
19:06:42.54,23.0, 28160.0, 188.0, 84.0, 26.200001, 111.599998, 500.0, 2.0, 0.0, 28405.0, 0.0, 19.0, 0.0, 0.0, 0.0, 4326.0, 11000.0, 1.0 , 11.59, -1.31, 0.18, 18.34, 2.25, 13.81, 5.30, 102917.97, -1.43, -9.83
19:06:42.63,23.0, 28170.0, 186.0, 84.0, 26.200001, 111.599998, 500.0, 2.0, 2.0, 28405.0, 17.0, 19.0, 0.0, 0.0, 0.0, 4326.0, 11000.0, 1.0 , 14.22, -0.68, -1.08, 18.32, 2.50, 13.83, 5.37, 102927.09, -1.44, -9.83
19:06:42.72,23.0, 28170.0, 186.0, 84.0, 26.200001, 111.599998, 500.0, 2.0, 2.0, 28405.0, 0.0, 19.0, 0.0, 0.0, 0.0, 4326.0, 11000.0, 1.0 , 4.06, -0.64, -2.70, 18.25, 3.00, 13.85, 5.39, 102907.58, -1.42, -9.87
19:06:42.81,23.0, 28170.0, 186.0, 84.0, 26.200001, 111.599998, 500.0, 2.0, 2.0, 28405.0, 17.0, 19.0, 0.0, 0.0, 0.0, 4326.0, 11000.0, 1.0 , 8.34, -0.30, -2.00, 18.21, 3.00, 13.88, 5.41, 102922.18, -1.44, -9.87
19:06:42.91,23.0, 28170.0, 186.0, 84.0, 26.200001, 111.599998, 500.0, 2.0, 2.0, 28405.0, 0.0, 19.0, 0.0, 0.0, 0.0, 4326.0, 11000.0, 1.0 , 11.04, -0.26, -2.63, 18.15, 3.25, 13.90, 5.42, 102923.38, -1.44, -9.91
19:06:43.00,23.0, 28170.0, 186.0, 84.0, 26.200001, 111.599998, 500.0, 2.0, 2.0, 28405.0, 17.0, 19.0, 0.0, 0.0, 0.0, 4326.0, 10900.0, 1.0 , 10.79, -0.07, -2.49, 18.12, 3.00, 13.89, 5.39, 102918.11, -1.43, -9.93
19:06:43.09,23.0, 28170.0, 186.0, 84.0, 26.200001, 111.599998, 500.0, 2.0, 0.0, 28405.0, 0.0, 19.0, 0.0, 0.0, 0.0, 4326.0, 10900.0, 1.0 , 11.48, -1.37, -1.87, 18.08, 2.75, 13.91, 5.39, 102919.19, -1.43, -9.95
19:06:43.18,23.0, 28170.0, 186.0, 84.0, 26.200001, 111.599998, 500.0, 2.0, 0.0, 28405.0, 0.0, 19.0, 0.0, 0.0, 0.0, 4326.0, 10800.0, 1.0 , 9.85, -0.08, -2.30, 18.05, 2.75, 13.94, 5.44, 102918.45, -1.43, -9.94
19:06:43.28,23.0, 28170.0, 186.0, 84.0, 26.200001, 111.599998, 500.0, 2.0, 0.0, 28405.0, 0.0, 19.0, 0.0, 0.0, 0.0, 4326.0, 10800.0, 1.0 , 10.38, 0.77, -3.02, 18.02, 3.00, 13.96, 5.27, 102922.17, -1.44, -9.95
19:06:43.38,23.0, 28170.0, 186.0, 84.0, 26.200001, 111.599998, 500.0, 2.0, 0.0, 28405.0, 17.0, 19.0, 0.0, 0.0, 0.0, 4326.0, 10800.0, 1.0 , 10.14, -0.28, -2.39, 18.00, 3.00, 13.97, 5.34, 102926.77, -1.44, -9.96
19:06:43.47,23.0, 28170.0, 186.0, 84.0, 26.200001, 111.599998, 500.0, 2.0, 0.0, 28405.0, 0.0, 19.0, 0.0, 0.0, 0.0, 4326.0, 10800.0, 1.0 , 10.13, -0.85, -2.51, 17.96, 3.00, 14.00, 5.29, 102921.59, -1.44, -9.96
19:06:43.57,23.0, 28170.0, 186.0, 84.0, 26.200001, 111.599998, 500.0, 2.0, 0.0, 28405.0, 0.0, 19.0, 0.0, 0.0, 0.0, 4326.0, 10900.0, 1.0 , 9.52, -0.44, -1.97, 17.94, 3.00, 14.02, 5.34, 102920.78, -1.44, -9.96
19:06:43.66,23.0, 28170.0, 186.0, 84.0, 26.200001, 111.599998, 500.0, 2.0, 0.0, 28405.0, 0.0, 19.0, 0.0, 0.0, 0.0, 4326.0, 11000.0, 1.0 , 10.13, -0.85, -2.22, 17.88, 3.00, 14.04, 5.30, 102914.70, -1.43, -9.99
19:06:43.76,23.0, 28173.0, 188.0, 84.0, 26.200001, 111.599998, 500.0, 2.0, 0.0, 28405.0, 17.0, 19.0, 0.0, 0.0, 0.0, 4326.0, 11100.0, 1.0 , 9.87, -0.83, -1.42, 17.87, 3.00, 14.06, 5.41, 102920.18, -1.44, -9.98
19:06:43.85,23.0, 28173.0, 188.0, 84.0, 26.200001, 111.599998, 500.0, 2.0, 0.0, 28405.0, 17.0, 19.0, 0.0, 0.0, 0.0, 4326.0, 11200.0, 1.0 , 10.14, -1.35, -1.42, 17.84, 3.00, 14.06, 5.34, 102920.31, -1.44, -10.01
19:06:43.95,23.0, 28173.0, 188.0, 84.0, 26.200001, 111.599998, 500.0, 2.0, 0.0, 28405.0, 0.0, 19.0, 0.0, 0.0, 0.0, 4326.0, 11300.0, 1.0 , 11.41, -1.79, -1.34, 17.81, 3.00, 14.10, 5.35, 102915.05, -1.43, -9.99
19:06:44.04,23.0, 28173.0, 188.0, 84.0, 26.200001, 111.599998, 500.0, 2.0, 0.0, 28405.0, 0.0, 19.0, 0.0, 0.0, 0.0, 4326.0, 11300.0, 1.0 , 7.56, -0.66, -2.18, 17.77, 3.00, 14.11, 5.37, 102911.63, -1.43, -10.01
19:06:44.14,23.0, 28173.0, 188.0, 84.0, 26.200001, 111.599998, 500.0, 2.0, 0.0, 28405.0, 17.0, 19.0, 0.0, 0.0, 0.0, 4326.0, 11200.0, 1.0 , 5.67, -2.46, -0.61, 17.74, 3.00, 14.11, 5.37, 102919.88, -1.44, -10.04
19:06:44.23,23.0, 28173.0, 188.0, 84.0, 26.200001, 111.599998, 500.0, 2.0, 0.0, 28405.0, 0.0, 19.0, 0.0, 0.0, 0.0, 4326.0, 11200.0, 1.0 , 10.59, -0.90, -1.59, 17.73, 3.00, 14.15, 5.37, 102919.94, -1.44, -10.01
19:06:44.33,23.0, 28173.0, 188.0, 84.0, 26.200001, 111.599998, 500.0, 2.0, 0.0, 28405.0, 0.0, 19.0, 0.0, 0.0, 0.0, 4326.0, 10900.0, 1.0 , 9.14, 0.39, -2.23, 17.69, 3.00, 14.16, 5.25, 102916.49, -1.43, -10.03
19:06:44.44,23.0, 28173.0, 188.0, 84.0, 26.200001, 111.599998, 500.0, 2.0, 0.0, 28405.0, 0.0, 19.0, 0.0, 0.0, 0.0, 4326.0, 10900.0, 1.0 , 7.07, -1.92, -1.78, 17.67, 3.00, 14.19, 5.41, 102914.80, -1.43, -10.02
19:06:44.53,23.0, 28173.0, 188.0, 84.0, 26.200001, 111.599998, 500.0, 2.0, 0.0, 28405.0, 0.0, 19.0, 0.0, 0.0, 0.0, 4326.0, 10900.0, 1.0 , 8.42, -0.61, -2.49, 17.63, 3.00, 14.21, 5.37, 102911.32, -1.43, -10.04
19:06:44.63,23.0, 28173.0, 188.0, 84.0, 26.200001, 111.599998, 500.0, 2.0, 0.0, 28405.0, 0.0, 19.0, 0.0, 0.0, 0.0, 4326.0, 10700.0, 1.0 , 8.96, -1.05, -0.80, 17.61, 3.00, 14.23, 5.24, 102920.44, -1.44, -10.04
19:06:44.73,23.0, 28173.0, 188.0, 84.0, 26.200001, 111.599998, 500.0, 2.0, 0.0, 28405.0, 0.0, 19.0, 0.0, 0.0, 0.0, 4326.0, 10500.0, 1.0 , 8.93, 0.14, -1.02, 17.57, 3.00, 14.25, 5.37, 102903.52, -1.42, -10.05
19:06:44.86,23.0, 28173.0, 188.0, 84.0, 26.200001, 111.599998, 500.0, 2.0, 0.0, 28405.0, 17.0, 19.0, 0.0, 0.0, 0.0, 4326.0, 10300.0, 1.0 , 10.31, -2.19, -1.30, 17.53, 3.25, 14.28, 5.34, 102910.88, -1.43, -10.06
19:06:44.96,23.0, 28173.0, 186.0, 84.0, 26.200001, 111.599998, 500.0, 2.0, 0.0, 28405.0, 17.0, 19.0, 0.0, 0.0, 0.0, 4326.0, 10100.0, 1.0 , 9.71, -0.65, -0.99, 17.49, 3.50, 14.29, 5.32, 102908.37, -1.43, -10.08
19:06:45.05,23.0, 28173.0, 186.0, 84.0, 26.200001, 111.599998, 500.0, 2.0, 0.0, 28405.0, 0.0, 19.0, 0.0, 0.0, 0.0, 4326.0, 9900.0, 1.0 , 9.59, -0.30, -2.99, 17.47, 3.75, 14.31, 5.39, 102904.86, -1.42, -10.07
19:06:45.15,23.0, 28173.0, 186.0, 84.0, 26.200001, 111.599998, 500.0, 2.0, 0.0, 28405.0, 0.0, 19.0, 0.0, 0.0, 0.0, 4326.0, 9600.0, 1.0 , 9.97, -0.97, -3.71, 17.42, 3.75, 14.34, 5.32, 102910.45, -1.43, -10.09
19:06:45.26,23.0, 28173.0, 186.0, 84.0, 26.200001, 111.599998, 500.0, 2.0, 0.0, 28405.0, 0.0, 19.0, 0.0, 0.0, 0.0, 4326.0, 9400.0, 1.0 , 9.77, -0.21, -1.85, 17.38, 4.25, 14.37, 5.39, 102900.75, -1.42, -10.09
19:06:45.36,23.0, 28173.0, 186.0, 84.0, 26.200001, 111.599998, 500.0, 2.0, 0.0, 28405.0, 0.0, 19.0, 0.0, 0.0, 0.0, 4326.0, 9100.0, 1.0 , 8.91, 0.35, -4.88, 17.34, 4.50, 14.38, 5.24, 102909.05, -1.43, -10.12
19:06:45.46,23.0, 28173.0, 186.0, 84.0, 26.200001, 111.599998, 750.0, 2.0, 0.0, 28405.0, 0.0, 19.0, 0.0, 0.0, 0.0, 4326.0, 9100.0, 1.0 , 10.59, 0.34, -0.57, 17.30, 4.75, 14.41, 5.34, 102912.82, -1.43, -10.12
19:06:45.55,23.0, 28173.0, 186.0, 84.0, 26.200001, 111.599998, 500.0, 2.0, 0.0, 28405.0, 35.0, 19.0, 0.0, 0.0, 0.0, 4326.0, 9100.0, 1.0 , 8.93, 0.35, -0.11, 17.28, 5.00, 14.42, 5.24, 102920.11, -1.44, -10.13
19:06:45.65,23.0, 28173.0, 186.0, 84.0, 26.200001, 111.599998, 750.0, 2.0, 0.0, 28405.0, 0.0, 19.0, 0.0, 0.0, 0.0, 4326.0, 8900.0, 1.0 , 10.56, 0.12, -0.72, 17.25, 5.25, 14.43, 5.32, 102906.73, -1.42, -10.15
19:06:45.75,23.0, 28173.0, 186.0, 84.0, 26.200001, 111.599998, 750.0, 2.0, 0.0, 28405.0, 17.0, 19.0, 0.0, 0.0, 0.0, 4326.0, 8700.0, 1.0 , 2.04, -0.40, -0.59, 17.21, 5.50, 14.47, 5.29, 102904.16, -1.42, -10.15
19:06:45.84,23.0, 28173.0, 186.0, 84.0, 26.200001, 111.599998, 750.0, 2.0, 0.0, 28405.0, 0.0, 19.0, 0.0, 0.0, 0.0, 4326.0, 8400.0, 1.0 , -1.25, -3.70, -0.23, 17.19, 5.50, 14.48, 5.39, 102906.05, -1.42, -10.15
19:06:45.94,23.0, 28173.0, 186.0, 84.0, 26.200001, 111.599998, 750.0, 2.0, 0.0, 28405.0, 0.0, 19.0, 0.0, 0.0, 0.0, 4326.0, 8100.0, 1.0 , 11.03, -1.98, 0.17, 17.19, 5.75, 14.51, 5.25, 102905.17, -1.42, -10.13
19:06:46.03,23.0, 28173.0, 186.0, 84.0, 26.200001, 111.599998, 750.0, 2.0, 0.0, 28405.0, 17.0, 19.0, 0.0, 0.0, 0.0, 4326.0, 8100.0, 1.0 , 9.84, 1.71, -0.59, 17.17, 6.25, 14.54, 5.27, 102898.98, -1.42, -10.12
19:06:46.13,23.0, 28173.0, 186.0, 84.0, 26.200001, 111.599998, 750.0, 2.0, 0.0, 28405.0, 0.0, 19.0, 0.0, 0.0, 0.0, 4326.0, 7900.0, 1.0 , 10.37, 0.87, -2.23, 17.17, 6.50, 14.56, 5.25, 102907.97, -1.42, -10.10
19:06:46.23,23.0, 28175.0, 186.0, 84.0, 26.200001, 111.599998, 750.0, 2.0, 0.0, 28405.0, 17.0, 19.0, 0.0, 0.0, 0.0, 4326.0, 7600.0, 1.0 , 10.20, -2.02, -2.01, 17.18, 5.75, 14.58, 5.11, 102909.72, -1.43, -10.08
19:06:46.33,23.0, 28175.0, 186.0, 84.0, 26.200001, 111.599998, 750.0, 2.0, 0.0, 28405.0, 0.0, 19.0, 0.0, 0.0, 0.0, 4326.0, 7400.0, 1.0 , 10.36, -0.42, -1.66, 17.18, 5.25, 14.57, 5.14, 102909.72, -1.43, -10.08
19:06:46.43,23.0, 28175.0, 186.0, 84.0, 26.200001, 111.599998, 750.0, 2.0, 0.0, 28405.0, 0.0, 19.0, 0.0, 0.0, 0.0, 4326.0, 7400.0, 1.0 , 10.79, -0.01, -0.96, 17.16, 5.75, 14.61, 5.07, 102900.81, -1.42, -10.06
19:06:46.53,23.0, 28175.0, 186.0, 84.0, 26.200001, 111.599998, 750.0, 2.0, 0.0, 28405.0, 0.0, 19.0, 0.0, 0.0, 0.0, 4326.0, 7400.0, 1.0 , 10.19, 0.66, 0.33, 17.14, 5.50, 14.63, 5.25, 102910.80, -1.43, -10.06
19:06:46.62,23.0, 28175.0, 186.0, 84.0, 26.200001, 111.599998, 750.0, 2.0, 0.0, 28405.0, 0.0, 19.0, 0.0, 0.0, 0.0, 4326.0, 7500.0, 1.0 , 12.33, 2.19, 0.67, 17.11, 4.75, 14.63, 5.29, 102905.52, -1.42, -10.08
19:06:46.72,23.0, 28175.0, 186.0, 84.0, 26.200001, 111.599998, 750.0, 1.0, 0.0, 28405.0, 0.0, 19.0, 0.0, 0.0, 0.0, 4326.0, 7600.0, 1.0 , 5.72, 0.22, -2.08, 17.07, 3.25, 14.65, 5.22, 102911.98, -1.43, -10.10
19:06:46.82,23.0, 28175.0, 186.0, 84.0, 26.200001, 111.599998, 1250.0, 1.0, 15.0, 28405.0, 0.0, 19.0, 0.0, 0.0, 0.0, 4326.0, 7700.0, 1.0 , 6.44, 2.12, -1.64, 17.05, 3.25, 14.67, 5.37, 102916.56, -1.43, -10.10
19:06:46.91,23.0, 28175.0, 186.0, 84.0, 26.200001, 111.599998, 1000.0, 1.0, 13.0, 28405.0, 0.0, 19.0, 0.0, 0.0, 0.0, 4326.0, 7800.0, 1.0 , 19.08, -0.19, -4.06, 17.03, 3.25, 14.70, 5.27, 102915.75, -1.43, -10.09
19:06:47.02,23.0, 28175.0, 186.0, 84.0, 26.200001, 111.599998, 13250.0, 1.0, 22.0, 28405.0, 0.0, 19.0, 0.0, 0.0, 0.0, 4326.0, 7800.0, 1.0 , 8.18, -0.66, -3.13, 17.01, 3.50, 14.72, 5.32, 102906.84, -1.42, -10.09
19:06:47.11,23.0, 28175.0, 186.0, 84.0, 26.200001, 111.599998, 24250.0, 1.0, 45.0, 28405.0, 0.0, 19.0, 0.0, 0.0, 0.0, 4326.0, 7700.0, 1.0 , 7.60, -0.10, -1.02, 17.00, 3.50, 14.72, 5.34, 102909.59, -1.43, -10.09
19:06:47.21,23.0, 28175.0, 186.0, 84.0, 26.200001, 111.599998, 46500.0, 1.0, 36.0, 26220.0, 27502.0, 19.0, 658.0, 2180.0, 15600.0, 4380.0, 7600.0, 1.0 , 13.29, 1.81, -3.79, 16.97, 3.00, 14.75, 5.24, 102918.73, -1.43, -10.09
19:06:47.30,23.0, 28175.0, 186.0, 84.0, 26.200001, 111.599998, 36500.0, 1.0, 36.0, 26105.0, 34057.0, 19.0, 658.0, 1900.0, 13600.0, 4451.0, 7400.0, 1.0 , -0.84, -0.46, -7.01, 16.94, 3.50, 14.77, 5.35, 102913.45, -1.43, -10.10
19:06:47.40,23.0, 28174.0, 186.0, 84.0, 26.200001, 111.599998, 18750.0, 1.0, 42.0, 26335.0, 34164.0, 19.0, 631.0, 1780.0, 12800.0, 4528.0, 7500.0, 1.0 , 6.52, 1.26, -2.85, 16.91, 3.25, 14.78, 5.30, 102918.09, -1.43, -10.12
19:06:47.50,23.0, 28174.0, 186.0, 84.0, 26.200001, 111.599998, 7000.0, 1.0, 36.0, 27370.0, 16476.0, 19.0, 477.0, 1740.0, 12500.0, 4597.0, 7500.0, 1.0 , 5.08, 1.07, -3.98, 16.87, 3.50, 14.81, 5.32, 102923.62, -1.44, -10.13
19:06:47.60,23.0, 28174.0, 186.0, 84.0, 26.200001, 111.599998, 1250.0, 1.0, 42.0, 27830.0, 9743.0, 19.0, 428.0, 1800.0, 12900.0, 4671.0, 7500.0, 1.0 , 10.58, -1.92, -1.85, 16.83, 3.50, 14.82, 5.27, 102927.38, -1.44, -10.14
19:06:47.70,23.0, 28174.0, 186.0, 84.0, 26.200001, 111.599998, 8500.0, 1.0, 42.0, 27945.0, 6287.0, 19.0, 453.0, 1900.0, 13500.0, 4746.0, 7700.0, 1.0 , 8.02, -0.79, -4.60, 16.79, 3.50, 14.82, 5.25, 102920.34, -1.44, -10.17
19:06:47.80,23.0, 28174.0, 186.0, 84.0, 26.200001, 111.599998, 14500.0, 1.0, 42.0, 27485.0, 14285.0, 19.0, 493.0, 1900.0, 13600.0, 4822.0, 7900.0, 1.0 , 5.65, 0.00, -4.68, 16.76, 3.25, 14.86, 5.22, 102916.92, -1.43, -10.17
19:06:47.91,23.0, 28174.0, 186.0, 84.0, 26.200001, 111.599998, 18250.0, 1.0, 45.0, 27255.0, 16993.0, 19.0, 550.0, 2040.0, 14600.0, 4901.0, 8100.0, 1.0 , 11.60, -2.99, -5.45, 16.73, 3.75, 14.89, 5.25, 102927.83, -1.44, -10.17
19:06:48.00,23.0, 28174.0, 186.0, 84.0, 26.200001, 111.599998, 21750.0, 1.0, 39.0, 27140.0, 20805.0, 19.0, 598.0, 2180.0, 15600.0, 4987.0, 8400.0, 1.0 , 9.05, 0.01, -3.83, 16.69, 4.00, 14.90, 5.25, 102913.58, -1.43, -10.19
19:06:48.11,23.0, 28174.0, 186.0, 84.0, 26.200001, 111.599998, 8000.0, 1.0, 45.0, 27025.0, 18738.0, 19.0, 589.0, 2160.0, 15400.0, 5072.0, 8500.0, 1.0 , 5.52, 0.01, -2.79, 16.67, 4.00, 14.91, 5.34, 102922.67, -1.44, -10.20
19:06:48.21,23.0, 28174.0, 186.0, 84.0, 26.200001, 111.599998, 2750.0, 1.0, 47.0, 27140.0, 19611.0, 19.0, 596.0, 2220.0, 15900.0, 5160.0, 8800.0, 1.0 , 9.18, 1.80, -4.56, 16.64, 4.00, 14.91, 5.24, 102915.58, -1.43, -10.22
19:06:48.30,23.0, 28174.0, 186.0, 84.0, 26.200001, 111.599998, 5750.0, 1.0, 48.0, 26795.0, 23102.0, 19.0, 618.0, 2260.0, 16100.0, 5250.0, 9000.0, 1.0 , 11.95, 0.12, -2.64, 16.60, 4.00, 14.94, 5.34, 102921.13, -1.44, -10.23
19:06:48.40,23.0, 28174.0, 186.0, 84.0, 26.200001, 111.599998, 17250.0, 1.0, 51.0, 26795.0, 20965.0, 19.0, 602.0, 2200.0, 15700.0, 5338.0, 9300.0, 1.0 , 15.56, 0.99, -1.43, 16.55, 3.75, 14.96, 5.24, 102921.33, -1.44, -10.25
19:06:48.50,23.0, 28174.0, 186.0, 84.0, 26.200001, 111.599998, 18250.0, 1.0, 45.0, 26910.0, 19950.0, 19.0, 615.0, 2280.0, 16300.0, 5428.0, 9300.0, 1.0 , 11.58, -0.82, -3.80, 16.50, 3.75, 14.97, 5.25, 102924.20, -1.44, -10.28
19:06:48.59,23.0, 27911.0, 4641.0, 84.0, 26.200001, 111.599998, 12250.0, 1.0, 53.0, 27140.0, 17331.0, 19.0, 622.0, 2380.0, 17000.0, 5503.0, 9600.0, 1.0 , 10.23, -1.94, -3.02, 16.46, 3.75, 15.00, 5.19, 102921.68, -1.44, -10.29
19:06:48.69,23.0, 27911.0, 4641.0, 84.0, 26.200001, 111.599998, 8000.0, 1.0, 52.0, 26795.0, 18596.0, 19.0, 631.0, 2400.0, 17200.0, 5600.0, 9800.0, 1.0 , 0.52, -1.50, -3.79, 16.42, 3.75, 15.03, 5.30, 102922.73, -1.44, -10.30
19:06:48.79,23.0, 27911.0, 4641.0, 84.0, 26.200001, 111.599998, 2000.0, 1.0, 48.0, 26910.0, 19522.0, 19.0, 622.0, 2380.0, 16900.0, 5696.0, 10000.0, 1.0 , 15.72, -3.41, 0.97, 16.38, 4.25, 15.03, 5.32, 102924.70, -1.44, -10.33
19:06:48.88,23.0, 27911.0, 4641.0, 84.0, 26.200001, 111.599998, 6000.0, 1.0, 51.0, 26910.0, 18026.0, 19.0, 636.0, 2420.0, 17300.0, 5793.0, 10200.0, 1.0 , 9.39, -2.83, -3.93, 16.36, 4.00, 15.07, 5.29, 102925.70, -1.44, -10.31
19:06:48.98,23.0, 27911.0, 4641.0, 84.0, 26.200001, 111.599998, 11750.0, 1.0, 46.0, 26795.0, 19665.0, 19.0, 632.0, 2420.0, 17300.0, 5872.0, 10400.0, 1.0 , 8.83, -2.89, -2.92, 16.32, 3.75, 15.06, 5.27, 102918.66, -1.43, -10.35
19:06:49.07,23.0, 27911.0, 4641.0, 84.0, 26.200001, 111.599998, 10000.0, 1.0, 57.0, 27600.0, 10545.0, 19.0, 584.0, 2400.0, 17100.0, 5966.0, 10600.0, 1.0 , -0.82, -1.93, -1.71, 16.28, 3.50, 15.10, 5.27, 102920.59, -1.44, -10.35
19:06:49.17,23.0, 27911.0, 4641.0, 84.0, 26.200001, 111.599998, 5000.0, 1.0, 54.0, 27255.0, 14125.0, 19.0, 617.0, 2460.0, 17500.0, 6064.0, 10700.0, 1.0 , 9.88, -0.20, -3.76, 16.24, 3.75, 15.12, 5.27, 102928.84, -1.44, -10.36
19:06:49.27,23.0, 27911.0, 4641.0, 84.0, 26.200001, 111.599998, 2250.0, 1.0, 52.0, 27485.0, 13680.0, 19.0, 629.0, 2520.0, 17900.0, 6163.0, 10700.0, 1.0 , 9.89, -0.57, -1.64, 16.22, 3.75, 15.13, 5.30, 102922.64, -1.44, -10.37
19:06:49.36,23.0, 27911.0, 4641.0, 84.0, 26.200001, 111.599998, 1000.0, 1.0, 49.0, 27830.0, 6857.0, 19.0, 523.0, 2440.0, 17400.0, 6262.0, 10700.0, 1.0 , 12.04, 0.08, -0.73, 16.18, 3.75, 15.15, 5.34, 102933.56, -1.45, -10.39
19:06:49.46,23.0, 27911.0, 4641.0, 84.0, 26.200001, 111.599998, 8500.0, 1.0, 45.0, 28060.0, 3509.0, 19.0, 577.0, 2680.0, 19100.0, 6362.0, 10800.0, 1.0 , 10.21, 0.84, -3.47, 16.14, 3.75, 15.16, 5.30, 102918.44, -1.43, -10.41
19:06:49.55,23.0, 27911.0, 4641.0, 84.0, 26.200001, 111.599998, 12750.0, 1.0, 57.0, 27255.0, 15764.0, 19.0, 640.0, 2580.0, 18400.0, 6446.0, 10900.0, 1.0 , 6.25, -0.84, -3.82, 16.12, 3.50, 15.18, 5.22, 102928.40, -1.44, -10.41
19:06:49.65,23.0, 27911.0, 4641.0, 84.0, 26.200001, 111.599998, 7500.0, 1.0, 57.0, 27370.0, 13555.0, 19.0, 645.0, 2640.0, 18800.0, 6550.0, 11100.0, 1.0 , -1.47, 0.34, -3.73, 16.09, 3.75, 15.19, 5.29, 102924.94, -1.44, -10.43
19:06:49.75,23.0, 27285.0, 8319.0, 84.0, 26.200001, 111.599998, 3250.0, 1.0, 52.0, 27370.0, 14356.0, 19.0, 645.0, 2620.0, 18800.0, 6655.0, 11300.0, 1.0 , 17.96, -1.06, 1.34, 16.07, 3.75, 15.22, 5.29, 102921.42, -1.44, -10.42
19:06:49.84,23.0, 27285.0, 8319.0, 84.0, 26.200001, 111.599998, 1750.0, 1.0, 49.0, 27945.0, 5610.0, 19.0, 536.0, 2560.0, 18300.0, 6758.0, 11400.0, 1.0 , 6.96, -2.39, -2.62, 16.04, 4.00, 15.21, 5.24, 102913.45, -1.43, -10.45
19:06:49.94,23.0, 27285.0, 8319.0, 84.0, 26.200001, 111.599998, 4250.0, 1.0, 45.0, 28060.0, 3954.0, 19.0, 533.0, 2560.0, 18300.0, 6860.0, 11500.0, 1.0 , 13.18, 0.22, -3.21, 16.01, 4.00, 15.25, 5.29, 102919.83, -1.44, -10.45
19:06:50.03,23.0, 27285.0, 8319.0, 84.0, 26.200001, 111.599998, 6500.0, 1.0, 57.0, 27945.0, 5094.0, 19.0, 591.0, 2760.0, 19700.0, 6947.0, 11500.0, 1.0 , -17.48, 3.98, 1.26, 15.98, 4.50, 15.26, 5.30, 102925.36, -1.44, -10.46
19:06:50.13,23.0, 27285.0, 8319.0, 84.0, 26.200001, 111.599998, 6750.0, 1.0, 60.0, 27945.0, 5290.0, 20.0, 567.0, 2620.0, 18800.0, 7052.0, 11800.0, 1.0 , 9.69, -0.98, -0.22, 15.94, 4.75, 15.29, 5.25, 102914.75, -1.43, -10.46
19:06:50.23,23.0, 27285.0, 8319.0, 84.0, 26.200001, 111.599998, 1500.0, 1.0, 54.0, 27945.0, 5735.0, 20.0, 544.0, 2620.0, 18700.0, 7160.0, 11800.0, 1.0 , 4.09, -0.30, -0.26, 15.92, 5.75, 15.29, 5.29, 102919.31, -1.44, -10.48
19:06:50.32,23.0, 27285.0, 8319.0, 84.0, 26.200001, 111.599998, 750.0, 1.0, 60.0, 28175.0, 1229.0, 20.0, 502.0, 2580.0, 18400.0, 7243.0, 11900.0, 1.0 , -5.00, -0.20, -12.83, 15.88, 6.00, 15.31, 5.20, 102920.36, -1.44, -10.50
19:06:50.41,23.0, 27285.0, 8319.0, 84.0, 26.200001, 111.599998, 4250.0, 1.0, 43.0, 28175.0, 2778.0, 20.0, 589.0, 2880.0, 20500.0, 7353.0, 11900.0, 1.0 , 6.82, -4.39, -4.74, 15.83, 6.25, 15.33, 5.24, 102924.09, -1.44, -10.52
19:06:50.51,23.0, 27285.0, 8319.0, 84.0, 26.200001, 111.599998, 12000.0, 1.0, 54.0, 27370.0, 11382.0, 20.0, 637.0, 2640.0, 18900.0, 7458.0, 12100.0, 1.0 , 6.80, -0.01, -6.24, 15.80, 6.25, 15.35, 5.30, 102913.42, -1.43, -10.53
19:06:50.60,23.0, 27285.0, 8319.0, 84.0, 26.200001, 111.599998, 8000.0, 1.0, 63.0, 27370.0, 13377.0, 20.0, 645.0, 2680.0, 19100.0, 7566.0, 12000.0, 1.0 , 17.05, 2.41, 3.16, 15.77, 5.75, 15.37, 5.37, 102924.34, -1.44, -10.54
19:06:50.69,23.0, 27285.0, 8319.0, 84.0, 26.200001, 111.599998, 7250.0, 1.0, 52.0, 27485.0, 13288.0, 20.0, 629.0, 2560.0, 18300.0, 7649.0, 12000.0, 1.0 , 0.83, 3.25, -0.29, 15.72, 6.00, 15.37, 5.29, 102922.74, -1.44, -10.58
19:06:50.79,23.0, 27285.0, 8319.0, 84.0, 26.200001, 111.599998, 250.0, 1.0, 51.0, 27370.0, 13982.0, 20.0, 656.0, 2700.0, 19200.0, 7757.0, 11900.0, 1.0 , 9.27, 0.62, -2.86, 15.68, 5.25, 15.39, 5.25, 102923.78, -1.44, -10.59
19:06:50.89,23.0, 27285.0, 8319.0, 84.0, 26.200001, 111.599998, 9000.0, 1.0, 60.0, 27715.0, 7000.0, 20.0, 597.0, 2700.0, 19300.0, 7863.0, 11800.0, 1.0 , 10.39, -0.55, -2.23, 15.64, 5.25, 15.41, 5.42, 102917.63, -1.43, -10.61
19:06:50.99,23.0, 27782.0, 3188.0, 84.0, 26.200001, 111.5, 14000.0, 1.0, 51.0, 27485.0, 11685.0, 20.0, 658.0, 2800.0, 19900.0, 7975.0, 11900.0, 1.0 , 11.60, -0.23, -1.83, 15.60, 4.50, 15.44, 5.35, 102925.86, -1.44, -10.62
19:06:51.09,23.0, 27782.0, 3188.0, 84.0, 26.200001, 111.5, 11250.0, 1.0, 63.0, 27370.0, 12914.0, 20.0, 658.0, 2740.0, 19500.0, 8084.0, 12000.0, 1.0 , 8.99, -0.98, -3.79, 15.57, 4.50, 15.47, 5.30, 102923.30, -1.44, -10.62
19:06:51.19,23.0, 27782.0, 3188.0, 84.0, 26.200001, 111.5, 2000.0, 1.0, 57.0, 27370.0, 13305.0, 20.0, 658.0, 2740.0, 19600.0, 8194.0, 12000.0, 1.0 , 3.07, -0.07, -1.07, 15.54, 4.50, 15.49, 5.25, 102921.56, -1.44, -10.63
19:06:51.29,23.0, 27782.0, 3188.0, 84.0, 26.200001, 111.5, 1250.0, 1.0, 54.0, 27600.0, 9707.0, 20.0, 628.0, 2800.0, 19900.0, 8306.0, 12300.0, 1.0 , 11.25, -0.93, 0.07, 15.53, 4.50, 15.50, 5.41, 102932.38, -1.45, -10.63
19:06:51.38,23.0, 27782.0, 3188.0, 84.0, 26.200001, 111.5, 9250.0, 1.0, 60.0, 27715.0, 7374.0, 20.0, 626.0, 2780.0, 19800.0, 8416.0, 12300.0, 1.0 , 6.91, -0.58, -3.65, 15.50, 4.50, 15.52, 5.24, 102925.30, -1.44, -10.64
19:06:51.48,23.0, 27782.0, 3188.0, 84.0, 26.200001, 111.5, 13500.0, 1.0, 54.0, 27485.0, 12041.0, 20.0, 658.0, 2760.0, 19700.0, 8528.0, 12300.0, 1.0 , 10.56, -1.64, -0.21, 15.47, 4.50, 15.54, 5.17, 102920.02, -1.44, -10.64
19:06:51.58,23.0, 27782.0, 3188.0, 84.0, 26.200001, 111.5, 8750.0, 1.0, 66.0, 27600.0, 11791.0, 20.0, 633.0, 2620.0, 18700.0, 8614.0, 12300.0, 1.0 , 9.64, -0.74, -1.65, 15.45, 4.75, 15.56, 5.16, 102925.45, -1.44, -10.64
19:06:51.69,23.0, 27782.0, 3188.0, 84.0, 26.200001, 111.5, 3250.0, 1.0, 57.0, 27600.0, 11578.0, 20.0, 658.0, 2820.0, 20200.0, 8747.0, 12200.0, 1.0 , 7.60, -1.37, -2.17, 15.42, 5.00, 15.56, 5.30, 102922.86, -1.44, -10.66
19:06:51.79,23.0, 27782.0, 3188.0, 84.0, 26.200001, 111.5, 5000.0, 1.0, 54.0, 27485.0, 10705.0, 20.0, 658.0, 2820.0, 20100.0, 8860.0, 12200.0, 1.0 , 8.78, -1.53, -4.83, 15.40, 5.25, 15.59, 5.25, 102918.46, -1.43, -10.65
19:06:51.88,23.0, 27782.0, 3188.0, 84.0, 26.200001, 111.5, 14000.0, 1.0, 60.0, 27485.0, 10616.0, 20.0, 658.0, 2820.0, 20200.0, 8974.0, 12300.0, 1.0 , 11.53, -1.98, -4.33, 15.37, 5.50, 15.62, 5.29, 102913.22, -1.43, -10.65
19:06:51.98,23.0, 27782.0, 3188.0, 84.0, 26.200001, 111.5, 12750.0, 1.0, 54.0, 27485.0, 10901.0, 20.0, 658.0, 2820.0, 20100.0, 9086.0, 12400.0, 1.0 , 15.14, 1.02, -2.03, 15.34, 5.25, 15.64, 5.29, 102916.89, -1.43, -10.66
19:06:52.08,23.0, 27782.0, 3188.0, 84.0, 26.200001, 111.5, 4500.0, 1.0, 66.0, 27600.0, 10153.0, 20.0, 658.0, 2860.0, 20400.0, 9177.0, 12400.0, 1.0 , 9.55, 1.50, -3.59, 15.32, 5.25, 15.66, 5.29, 102913.37, -1.43, -10.66
19:06:52.17,23.0, 27663.0, 5589.0, 84.0, 26.200001, 111.5, 750.0, 1.0, 66.0, 27600.0, 9725.0, 20.0, 658.0, 2900.0, 20700.0, 9291.0, 12500.0, 1.0 , 10.00, 1.28, -3.21, 15.28, 5.50, 15.67, 5.29, 102917.09, -1.43, -10.69
19:06:52.26,23.0, 27663.0, 5589.0, 84.0, 26.200001, 111.5, 4250.0, 1.0, 60.0, 27485.0, 9796.0, 20.0, 628.0, 2780.0, 19800.0, 9405.0, 12600.0, 1.0 , 10.28, -0.73, 0.29, 15.26, 5.50, 15.69, 5.25, 102918.95, -1.43, -10.69
19:06:52.36,23.0, 27663.0, 5589.0, 84.0, 26.200001, 111.5, 11000.0, 1.0, 56.0, 27715.0, 9102.0, 20.0, 645.0, 2820.0, 19900.0, 9494.0, 12700.0, 1.0 , 9.83, -0.89, -6.09, 15.23, 5.75, 15.71, 5.30, 102916.36, -1.43, -10.70
19:06:52.45,23.0, 27663.0, 5589.0, 84.0, 26.200001, 111.5, 8250.0, 1.0, 48.0, 27485.0, 10740.0, 20.0, 651.0, 2820.0, 20200.0, 9606.0, 12700.0, 1.0 , 8.27, -0.01, -0.25, 15.21, 5.75, 15.75, 5.24, 102920.03, -1.44, -10.69
19:06:52.54,23.0, 27663.0, 5589.0, 84.0, 26.200001, 111.5, 4250.0, 1.0, 61.0, 27600.0, 9565.0, 20.0, 658.0, 2880.0, 20500.0, 9721.0, 12500.0, 1.0 , 6.58, -3.02, -3.02, 15.18, 5.50, 15.77, 5.24, 102922.86, -1.44, -10.69
19:06:52.63,23.0, 27663.0, 5589.0, 84.0, 26.200001, 111.5, 1750.0, 1.0, 63.0, 27715.0, 9155.0, 20.0, 658.0, 2920.0, 20900.0, 9813.0, 12600.0, 1.0 , 18.55, 1.10, -0.14, 15.14, 5.50, 15.77, 5.25, 102909.51, -1.43, -10.72
19:06:52.73,23.0, 27663.0, 5589.0, 84.0, 26.200001, 111.5, 5500.0, 1.0, 63.0, 28060.0, 4168.0, 20.0, 603.0, 2920.0, 20900.0, 9928.0, 12600.0, 1.0 , 12.34, -0.97, -3.81, 15.11, 5.50, 15.79, 5.14, 102917.67, -1.43, -10.73
19:06:52.82,23.0, 27663.0, 5589.0, 84.0, 26.200001, 111.5, 12000.0, 1.0, 69.0, 27600.0, 9779.0, 20.0, 658.0, 2860.0, 20400.0, 10020.0, 12700.0, 1.0 , 6.17, 1.55, -4.06, 15.09, 5.75, 15.81, 5.16, 102910.59, -1.43, -10.73
19:06:52.91,23.0, 27663.0, 5589.0, 84.0, 26.200001, 111.5, 8750.0, 1.0, 67.0, 27600.0, 9672.0, 20.0, 658.0, 2900.0, 20600.0, 10136.0, 12800.0, 1.0 , 11.49, -0.50, 0.06, 15.05, 5.75, 15.84, 5.20, 102911.61, -1.43, -10.74
19:06:53.00,23.0, 27663.0, 5589.0, 84.0, 26.200001, 111.5, 2750.0, 1.0, 58.0, 27600.0, 9030.0, 20.0, 658.0, 2920.0, 20900.0, 10251.0, 12900.0, 1.0 , 6.34, 0.79, -2.10, 15.02, 5.75, 15.85, 5.20, 102903.64, -1.42, -10.76
19:06:53.10,23.0, 27663.0, 5589.0, 84.0, 26.200001, 111.5, 2000.0, 1.0, 74.0, 27600.0, 9422.0, 20.0, 658.0, 2900.0, 20700.0, 10344.0, 12900.0, 1.0 , 12.70, -0.42, -4.95, 14.99, 5.75, 15.89, 5.27, 102907.31, -1.42, -10.75
19:06:53.19,23.0, 27663.0, 5589.0, 84.0, 26.200001, 111.5, 9500.0, 1.0, 67.0, 27715.0, 6679.0, 20.0, 652.0, 2920.0, 20900.0, 10458.0, 12900.0, 1.0 , 11.57, 0.39, -5.57, 14.96, 6.00, 15.90, 5.24, 102912.83, -1.43, -10.77
19:06:53.28,23.0, 27663.0, 5589.0, 84.0, 26.200001, 111.5, 15000.0, 1.0, 57.0, 27715.0, 9048.0, 20.0, 658.0, 2900.0, 20700.0, 10573.0, 12800.0, 1.0 , 13.40, 0.82, -3.48, 14.95, 6.00, 15.91, 5.32, 102913.75, -1.43, -10.77
19:06:53.37,23.0, 27599.0, 4767.0, 84.0, 26.200001, 111.5, 8500.0, 1.0, 60.0, 27715.0, 8710.0, 20.0, 658.0, 2960.0, 21100.0, 10667.0, 12800.0, 1.0 , 12.72, 0.04, -0.79, 14.93, 6.00, 15.96, 5.27, 102906.66, -1.42, -10.75
19:06:53.47,23.0, 27599.0, 4767.0, 84.0, 26.200001, 111.5, 3250.0, 1.0, 52.0, 27715.0, 8710.0, 20.0, 658.0, 3020.0, 21500.0, 10785.0, 12800.0, 1.0 , 7.65, -1.89, -3.49, 14.90, 6.50, 15.97, 5.25, 102914.83, -1.43, -10.76
19:06:53.56,23.0, 27599.0, 4767.0, 84.0, 26.200001, 111.5, 3750.0, 1.0, 67.0, 27600.0, 9369.0, 20.0, 655.0, 2940.0, 21000.0, 10879.0, 12900.0, 1.0 , 6.39, -1.15, 0.17, 14.88, 6.50, 15.98, 5.27, 102916.69, -1.43, -10.76
19:06:53.65,23.0, 27599.0, 4767.0, 84.0, 26.200001, 111.5, 10000.0, 1.0, 63.0, 27600.0, 7374.0, 20.0, 658.0, 3000.0, 21400.0, 10996.0, 12900.0, 1.0 , 5.06, -0.24, -4.09, 14.85, 6.25, 16.02, 5.11, 102922.16, -1.44, -10.76
19:06:53.74,23.0, 27599.0, 4767.0, 84.0, 26.200001, 111.5, 11250.0, 1.0, 60.0, 27600.0, 8852.0, 20.0, 658.0, 2960.0, 21100.0, 11115.0, 13000.0, 1.0 , 6.33, -1.76, -1.16, 14.80, 6.50, 16.05, 5.17, 102917.80, -1.43, -10.78
19:06:53.83,23.0, 27599.0, 4767.0, 84.0, 26.200001, 111.5, 4500.0, 1.0, 56.0, 27715.0, 7890.0, 20.0, 658.0, 3040.0, 21800.0, 11211.0, 13100.0, 1.0 , 7.06, 0.64, -3.47, 14.78, 6.00, 16.08, 5.20, 102916.12, -1.43, -10.77
19:06:53.93,23.0, 27599.0, 4767.0, 84.0, 26.200001, 111.5, 2000.0, 1.0, 49.0, 27715.0, 7677.0, 20.0, 658.0, 3040.0, 21800.0, 11333.0, 13200.0, 1.0 , 10.48, -0.32, -1.64, 14.76, 5.50, 16.10, 5.27, 102915.29, -1.43, -10.77
19:06:54.02,23.0, 27599.0, 4767.0, 84.0, 26.200001, 111.5, 4000.0, 1.0, 63.0, 27600.0, 9298.0, 20.0, 658.0, 2960.0, 21100.0, 11454.0, 13300.0, 1.0 , 8.27, -0.02, -5.08, 14.71, 5.25, 16.13, 5.25, 102923.50, -1.44, -10.79
19:06:54.11,23.0, 27599.0, 4767.0, 84.0, 26.200001, 111.5, 9250.0, 1.0, 60.0, 27600.0, 9030.0, 20.0, 658.0, 2980.0, 21200.0, 11549.0, 13300.0, 1.0 , 0.05, -1.38, 0.29, 14.69, 5.00, 16.17, 5.17, 102927.16, -1.44, -10.78
19:06:54.21,23.0, 27599.0, 4767.0, 84.0, 26.200001, 111.5, 7500.0, 1.0, 63.0, 27600.0, 7980.0, 20.0, 658.0, 3000.0, 21400.0, 11668.0, 13300.0, 1.0 , 18.01, -1.04, -1.74, 14.66, 5.50, 16.18, 5.27, 102930.83, -1.45, -10.79
19:06:54.30,23.0, 27599.0, 4767.0, 84.0, 26.200001, 111.5, 4000.0, 1.0, 63.0, 27715.0, 7659.0, 20.0, 658.0, 3000.0, 21400.0, 11788.0, 13300.0, 1.0 , -3.37, -1.16, -3.47, 14.62, 4.25, 16.22, 5.20, 102925.59, -1.44, -10.79
19:06:54.41,23.0, 27599.0, 4767.0, 84.0, 26.200001, 111.5, 1750.0, 1.0, 67.0, 27600.0, 7623.0, 20.0, 658.0, 3040.0, 21800.0, 11906.0, 13300.0, 1.0 , -3.51, 2.16, 3.31, 14.59, 2.75, 16.24, 5.11, 102929.25, -1.44, -10.80
19:06:54.50,23.0, 27599.0, 4767.0, 84.0, 26.200001, 111.5, 12750.0, 1.0, 60.0, 27715.0, 6946.0, 20.0, 658.0, 3060.0, 21900.0, 12029.0, 13200.0, 1.0 , 10.92, -0.93, -0.33, 14.56, 2.00, 16.29, 5.24, 102928.49, -1.44, -10.78
19:06:54.60,23.0, 27702.0, 3919.0, 84.0, 26.200001, 111.400002, 6250.0, 1.0, 74.0, 27830.0, 6038.0, 20.0, 656.0, 3140.0, 22400.0, 12152.0, 13300.0, 1.0 , 19.19, 2.44, 11.53, 14.52, 2.00, 16.30, 5.22, 102926.83, -1.44, -10.81
19:06:54.69,23.0, 27702.0, 3919.0, 84.0, 26.200001, 111.400002, 7500.0, 1.0, 63.0, 27485.0, 10776.0, 20.0, 652.0, 2840.0, 20300.0, 12247.0, 13400.0, 1.0 , 7.04, -0.14, -4.73, 14.46, 1.75, 16.35, 5.30, 102912.64, -1.43, -10.82
19:06:54.79,23.0, 27702.0, 3919.0, 84.0, 26.200001, 111.400002, 1500.0, 1.0, 57.0, 28060.0, 3152.0, 20.0, 569.0, 2900.0, 20600.0, 12362.0, 13400.0, 1.0 , 7.02, -0.47, -3.78, 14.42, 1.50, 16.36, 5.17, 102931.59, -1.45, -10.85
19:06:54.88,23.0, 27702.0, 3919.0, 84.0, 26.200001, 111.400002, 5250.0, 1.0, 65.0, 28175.0, 1941.0, 20.0, 628.0, 3120.0, 22300.0, 12482.0, 13400.0, 1.0 , 8.69, -0.12, -2.34, 14.39, 1.50, 16.39, 5.22, 102924.46, -1.44, -10.84
19:06:54.98,23.0, 27702.0, 3919.0, 84.0, 26.200001, 111.400002, 12250.0, 1.0, 58.0, 27830.0, 6626.0, 20.0, 658.0, 3060.0, 21900.0, 12606.0, 13400.0, 1.0 , 12.62, -0.57, -0.58, 14.33, 1.50, 16.42, 5.14, 102930.05, -1.44, -10.87
19:06:55.08,23.0, 27702.0, 3919.0, 84.0, 26.200001, 111.400002, 8250.0, 1.0, 71.0, 27830.0, 6857.0, 20.0, 657.0, 3080.0, 22000.0, 12704.0, 13300.0, 1.0 , 7.84, 0.04, -3.19, 14.27, 1.50, 16.44, 5.14, 102932.03, -1.45, -10.91
19:06:55.17,23.0, 27702.0, 3919.0, 84.0, 26.200001, 111.400002, 2000.0, 1.0, 74.0, 27830.0, 6376.0, 20.0, 656.0, 3100.0, 22100.0, 12828.0, 13400.0, 1.0 , 8.85, -1.72, -3.70, 14.22, 1.25, 16.47, 5.14, 102925.91, -1.44, -10.93
19:06:55.27,23.0, 27702.0, 3919.0, 84.0, 26.200001, 111.400002, 3250.0, 1.0, 71.0, 27945.0, 6127.0, 20.0, 655.0, 3100.0, 22200.0, 12952.0, 13700.0, 1.0 , 9.35, -0.58, -3.31, 14.18, 1.25, 16.50, 5.19, 102937.70, -1.45, -10.93
19:06:55.37,23.0, 27702.0, 3919.0, 84.0, 26.200001, 111.400002, 12000.0, 1.0, 63.0, 27830.0, 6626.0, 20.0, 657.0, 3060.0, 21900.0, 13076.0, 13700.0, 1.0 , 7.79, -0.01, -3.96, 14.12, 1.25, 16.53, 5.24, 102936.95, -1.45, -10.96
19:06:55.47,23.0, 27702.0, 3919.0, 84.0, 26.200001, 111.400002, 6000.0, 1.0, 57.0, 27830.0, 5486.0, 20.0, 656.0, 3140.0, 22400.0, 13200.0, 13800.0, 1.0 , 10.69, 1.14, -1.34, 14.09, 1.25, 16.56, 5.19, 102926.29, -1.44, -10.96
19:06:55.56,23.0, 27702.0, 3919.0, 84.0, 26.200001, 111.400002, 3250.0, 1.0, 72.0, 27830.0, 5771.0, 20.0, 656.0, 3160.0, 22600.0, 13326.0, 13800.0, 1.0 , 11.80, -1.17, -1.65, 14.04, 1.25, 16.60, 5.20, 102925.54, -1.44, -10.97
19:06:55.66,23.0, 27702.0, 3919.0, 84.0, 26.200001, 111.400002, 2250.0, 1.0, 74.0, 27945.0, 5094.0, 20.0, 630.0, 3060.0, 21900.0, 13451.0, 13900.0, 1.0 , 9.29, 0.71, -2.32, 13.99, 1.50, 16.63, 5.20, 102931.96, -1.45, -10.99
19:06:55.75,23.0, 27866.0, 2265.0, 84.0, 26.200001, 111.400002, 8750.0, 1.0, 71.0, 27945.0, 4595.0, 20.0, 653.0, 3180.0, 22700.0, 13552.0, 13900.0, 1.0 , 15.29, -1.59, -2.03, 13.94, 1.50, 16.66, 5.20, 102941.98, -1.46, -11.01
19:06:55.85,23.0, 27866.0, 2265.0, 84.0, 26.200001, 111.400002, 9000.0, 1.0, 60.0, 27945.0, 4755.0, 20.0, 655.0, 3220.0, 23000.0, 13680.0, 13900.0, 1.0 , 7.24, -1.22, 1.50, 13.90, 1.50, 16.71, 5.14, 102937.61, -1.45, -11.00
19:06:55.95,23.0, 27866.0, 2265.0, 84.0, 26.200001, 111.400002, 4000.0, 1.0, 54.0, 27945.0, 4595.0, 20.0, 654.0, 3240.0, 23200.0, 13808.0, 14000.0, 1.0 , 9.39, 1.48, -0.35, 13.87, 1.50, 16.72, 5.17, 102938.58, -1.45, -11.02
19:06:56.04,23.0, 27866.0, 2265.0, 84.0, 26.200001, 111.400002, 750.0, 1.0, 70.0, 28060.0, 3669.0, 20.0, 652.0, 3260.0, 23300.0, 13938.0, 14100.0, 1.0 , 7.98, -0.59, -0.09, 13.84, 1.25, 16.74, 5.24, 102938.66, -1.45, -11.03
19:06:56.14,23.0, 27866.0, 2265.0, 84.0, 26.200001, 111.400002, 7250.0, 1.0, 73.0, 27945.0, 4061.0, 20.0, 654.0, 3220.0, 23000.0, 14041.0, 14200.0, 1.0 , 9.90, -2.15, -4.63, 13.81, 1.25, 16.78, 5.16, 102941.42, -1.45, -11.02
19:06:56.23,23.0, 27866.0, 2265.0, 84.0, 26.200001, 111.400002, 5750.0, 1.0, 63.0, 28060.0, 4079.0, 20.0, 652.0, 3300.0, 23500.0, 14170.0, 14300.0, 1.0 , -2.99, -3.24, 3.08, 13.78, 1.50, 16.80, 5.10, 102942.42, -1.46, -11.03
19:06:56.33,23.0, 27866.0, 2265.0, 84.0, 26.200001, 111.400002, 2250.0, 1.0, 75.0, 28060.0, 4007.0, 20.0, 652.0, 3220.0, 23000.0, 14302.0, 14500.0, 1.0 , 1.31, -3.41, -1.23, 13.77, 1.75, 16.83, 5.19, 102932.61, -1.45, -11.02
19:06:56.42,23.0, 27866.0, 2265.0, 84.0, 26.200001, 111.400002, 2000.0, 1.0, 52.0, 28060.0, 3883.0, 20.0, 641.0, 3240.0, 23200.0, 14434.0, 14500.0, 1.0 , 18.72, -1.32, 6.95, 13.75, 1.75, 16.84, 5.17, 102937.13, -1.45, -11.03
19:06:56.52,23.0, 27866.0, 2265.0, 84.0, 26.200001, 111.400002, 8750.0, 1.0, 67.0, 28060.0, 3206.0, 20.0, 651.0, 3260.0, 23300.0, 14561.0, 14500.0, 1.0 , 13.91, 0.49, 0.42, 13.72, 1.75, 16.87, 5.19, 102934.53, -1.45, -11.03
19:06:56.62,23.0, 27866.0, 2265.0, 84.0, 26.200001, 111.400002, 8750.0, 1.0, 90.0, 27830.0, 5308.0, 20.0, 657.0, 3160.0, 22500.0, 14663.0, 14500.0, 1.0 , 8.82, -1.47, -5.80, 13.70, 2.00, 16.89, 5.01, 102947.11, -1.46, -11.03
19:06:56.71,23.0, 27866.0, 2265.0, 84.0, 26.200001, 111.400002, 4250.0, 1.0, 73.0, 27945.0, 4470.0, 20.0, 654.0, 3240.0, 23200.0, 14792.0, 14400.0, 1.0 , 6.96, -1.52, -3.15, 13.67, 2.25, 16.92, 5.08, 102947.19, -1.46, -11.03
19:06:56.81,23.0, 27866.0, 2265.0, 84.0, 26.200001, 111.400002, 1500.0, 1.0, 72.0, 28060.0, 2939.0, 20.0, 640.0, 3240.0, 23200.0, 14924.0, 14400.0, 1.0 , 10.58, -1.54, -3.72, 13.66, 2.25, 16.94, 5.07, 102948.11, -1.46, -11.02
19:06:56.90,23.0, 27866.0, 2265.0, 84.0, 26.200001, 111.400002, 5250.0, 1.0, 76.0, 28060.0, 2814.0, 20.0, 652.0, 3240.0, 23200.0, 15053.0, 14400.0, 1.0 , 7.41, 0.10, -2.64, 13.64, 2.50, 16.98, 5.14, 102938.34, -1.45, -11.01
19:06:57.00,23.0, 27866.0, 2387.0, 84.0, 26.200001, 111.400002, 11000.0, 1.0, 66.0, 27945.0, 5450.0, 20.0, 655.0, 3160.0, 22600.0, 15153.0, 14300.0, 1.0 , 10.08, 2.77, -2.05, 13.60, 2.50, 17.02, 5.14, 102934.85, -1.45, -11.02
19:06:57.09,23.0, 27866.0, 2387.0, 84.0, 26.200001, 111.400002, 3000.0, 1.0, 74.0, 27945.0, 4185.0, 20.0, 653.0, 3220.0, 23000.0, 15282.0, 14400.0, 1.0 , 14.00, -2.45, 5.47, 13.57, 2.75, 17.03, 5.14, 102937.64, -1.45, -11.03
19:06:57.19,23.0, 27866.0, 2387.0, 84.0, 26.200001, 111.400002, 2250.0, 1.0, 74.0, 28175.0, 1923.0, 20.0, 650.0, 3420.0, 24400.0, 15415.0, 14400.0, 1.0 , 0.31, -1.57, -5.55, 13.55, 3.00, 17.07, 5.20, 102933.23, -1.45, -11.02
19:06:57.29,23.0, 27866.0, 2387.0, 84.0, 26.200001, 111.400002, 3750.0, 1.0, 66.0, 28060.0, 3170.0, 20.0, 651.0, 3300.0, 23500.0, 15548.0, 14500.0, 1.0 , 8.07, -1.17, 2.45, 13.52, 3.00, 17.10, 5.11, 102936.00, -1.45, -11.03
19:06:57.38,23.0, 27866.0, 2387.0, 84.0, 26.200001, 111.400002, 7750.0, 1.0, 72.0, 28060.0, 2832.0, 20.0, 652.0, 3320.0, 23700.0, 15680.0, 14600.0, 1.0 , 6.44, 2.05, -4.57, 13.52, 3.25, 17.12, 5.16, 102928.83, -1.44, -11.01
19:06:57.48,23.0, 27866.0, 2387.0, 84.0, 26.200001, 111.400002, 6750.0, 1.0, 64.0, 28060.0, 4007.0, 20.0, 652.0, 3220.0, 23000.0, 15810.0, 14700.0, 1.0 , 4.93, 0.20, -0.61, 13.49, 3.50, 17.14, 5.13, 102931.59, -1.45, -11.01
19:06:57.57,23.0, 27866.0, 2387.0, 84.0, 26.200001, 111.400002, 3000.0, 1.0, 76.0, 28060.0, 3170.0, 20.0, 651.0, 3360.0, 24000.0, 15914.0, 14700.0, 1.0 , 4.21, -1.25, 0.48, 13.48, 3.25, 17.17, 5.10, 102940.56, -1.45, -11.00
19:06:57.67,23.0, 27866.0, 2387.0, 84.0, 26.200001, 111.400002, 1250.0, 1.0, 74.0, 28060.0, 3384.0, 20.0, 651.0, 3300.0, 23600.0, 16044.0, 14600.0, 1.0 , -1.37, -2.69, 0.24, 13.47, 3.25, 17.19, 5.24, 102938.80, -1.45, -10.99
19:06:57.76,23.0, 27866.0, 2387.0, 84.0, 26.200001, 111.400002, 10250.0, 1.0, 71.0, 28060.0, 2725.0, 20.0, 651.0, 3320.0, 23700.0, 16150.0, 14500.0, 1.0 , 4.50, -4.16, -2.38, 13.45, 3.25, 17.22, 5.11, 102937.95, -1.45, -10.99
19:06:57.85,23.0, 27866.0, 2387.0, 84.0, 26.200001, 111.400002, 9500.0, 1.0, 60.0, 28060.0, 3295.0, 20.0, 651.0, 3320.0, 23700.0, 16279.0, 14600.0, 1.0 , 18.03, 1.60, 2.03, 13.42, 3.00, 17.25, 5.17, 102925.50, -1.44, -10.99
19:06:57.94,23.0, 27866.0, 2387.0, 84.0, 26.200001, 111.400002, 3250.0, 1.0, 55.0, 28060.0, 3420.0, 20.0, 651.0, 3300.0, 23500.0, 16411.0, 14500.0, 1.0 , 2.69, -3.63, -1.92, 13.41, 2.75, 17.27, 5.30, 102934.47, -1.45, -10.99
19:06:58.03,23.0, 27866.0, 2387.0, 84.0, 26.200001, 111.400002, 1250.0, 1.0, 69.0, 28175.0, 1852.0, 20.0, 632.0, 3300.0, 23500.0, 16515.0, 14600.0, 1.0 , 9.70, 0.74, -0.74, 13.39, 2.50, 17.30, 5.17, 102930.06, -1.44, -10.98
19:06:58.12,23.0, 27866.0, 2387.0, 84.0, 26.200001, 111.400002, 10750.0, 1.0, 75.0, 27945.0, 4453.0, 20.0, 653.0, 3180.0, 22700.0, 16646.0, 14600.0, 1.0 , 8.03, -1.20, -2.19, 13.35, 2.50, 17.33, 5.10, 102929.29, -1.44, -10.99
19:06:58.22,23.0, 27909.0, 1944.0, 84.0, 26.200001, 111.400002, 8500.0, 1.0, 67.0, 27945.0, 3794.0, 20.0, 653.0, 3220.0, 23000.0, 16749.0, 14500.0, 1.0 , 7.49, 1.98, 0.97, 13.33, 2.75, 17.37, 5.16, 102939.17, -1.45, -10.98
19:06:58.31,23.0, 27909.0, 1944.0, 84.0, 26.200001, 111.400002, 4750.0, 1.0, 69.0, 27945.0, 4399.0, 20.0, 655.0, 3220.0, 23000.0, 16877.0, 14500.0, 1.0 , 11.19, -0.08, -1.10, 13.31, 3.00, 17.37, 5.08, 102930.28, -1.44, -11.00
19:06:58.40,23.0, 27909.0, 1944.0, 84.0, 26.200001, 111.400002, 1750.0, 1.0, 74.0, 28175.0, 3081.0, 20.0, 650.0, 3340.0, 23800.0, 17009.0, 14500.0, 1.0 , 6.84, -1.13, -2.72, 13.27, 3.00, 17.39, 5.10, 102936.64, -1.45, -11.01
19:06:58.50,23.0, 27909.0, 1944.0, 84.0, 26.200001, 111.400002, 7500.0, 1.0, 66.0, 27945.0, 3544.0, 20.0, 653.0, 3300.0, 23500.0, 17115.0, 14500.0, 1.0 , 17.24, -0.90, -3.44, 13.25, 3.00, 17.42, 5.13, 102937.60, -1.45, -11.01
19:06:58.59,23.0, 27909.0, 1944.0, 84.0, 26.200001, 111.400002, 10250.0, 1.0, 77.0, 27945.0, 4043.0, 20.0, 653.0, 3220.0, 23000.0, 17243.0, 14500.0, 1.0 , 7.92, -0.58, -3.49, 13.22, 3.00, 17.42, 5.14, 102941.23, -1.45, -11.03
19:06:58.69,23.0, 27909.0, 1944.0, 84.0, 26.200001, 111.400002, 3250.0, 1.0, 74.0, 28060.0, 3224.0, 20.0, 652.0, 3300.0, 23500.0, 17374.0, 14500.0, 1.0 , 6.20, -0.05, -4.21, 13.19, 3.25, 17.46, 5.20, 102935.95, -1.45, -11.03
19:06:58.78,23.0, 27909.0, 1944.0, 84.0, 26.200001, 111.400002, 2000.0, 1.0, 63.0, 28060.0, 3277.0, 20.0, 651.0, 3300.0, 23600.0, 17481.0, 14500.0, 1.0 , 9.92, -0.14, -0.24, 13.17, 3.25, 17.47, 5.11, 102944.98, -1.46, -11.04
19:06:58.87,23.0, 27909.0, 1944.0, 84.0, 26.200001, 111.400002, 4250.0, 1.0, 67.0, 27945.0, 5290.0, 20.0, 653.0, 3140.0, 22400.0, 17610.0, 14500.0, 1.0 , 7.79, 1.05, -3.06, 13.14, 3.50, 17.52, 5.13, 102936.98, -1.45, -11.03
19:06:58.97,23.0, 27909.0, 1944.0, 84.0, 26.200001, 111.400002, 2750.0, 1.0, 60.0, 27715.0, 5040.0, 20.0, 658.0, 3040.0, 21800.0, 17739.0, 14500.0, 1.0 , 9.20, 1.29, -6.21, 13.12, 3.50, 17.54, 5.22, 102934.33, -1.45, -11.03
19:06:59.06,23.0, 27909.0, 1944.0, 84.0, 26.200001, 111.400002, 5750.0, 1.0, 73.0, 27830.0, 6465.0, 20.0, 600.0, 2760.0, 19700.0, 17849.0, 14500.0, 1.0 , 10.38, -1.22, -2.85, 13.09, 3.50, 17.55, 5.08, 102940.65, -1.45, -11.05
19:06:59.16,23.0, 27909.0, 1944.0, 84.0, 26.200001, 111.400002, 1250.0, 1.0, 57.0, 28060.0, 3758.0, 20.0, 545.0, 2760.0, 19700.0, 17938.0, 14600.0, 1.0 , 11.98, 1.12, -1.63, 13.06, 3.50, 17.56, 5.13, 102929.11, -1.44, -11.06
19:06:59.25,23.0, 27909.0, 1944.0, 84.0, 26.200001, 111.400002, 5500.0, 1.0, 52.0, 28060.0, 2244.0, 20.0, 594.0, 2900.0, 20700.0, 18050.0, 14500.0, 1.0 , 11.28, -2.02, -2.85, 13.02, 3.50, 17.57, 5.16, 102939.03, -1.45, -11.09
19:06:59.34,23.0, 27909.0, 1944.0, 84.0, 26.200001, 111.400002, 19750.0, 1.0, 54.0, 27485.0, 10135.0, 20.0, 658.0, 2820.0, 20200.0, 18166.0, 14500.0, 1.0 , 13.84, -0.51, -0.66, 12.99, 3.25, 17.61, 5.08, 102943.61, -1.46, -11.09
19:06:59.44,23.0, 27891.0, 1993.0, 84.0, 26.200001, 111.400002, 14000.0, 1.0, 48.0, 27485.0, 10438.0, 20.0, 658.0, 2840.0, 20100.0, 18257.0, 14500.0, 1.0 , 10.43, -0.29, -3.29, 12.95, 3.00, 17.63, 5.11, 102937.44, -1.45, -11.11
19:06:59.53,23.0, 27891.0, 1993.0, 84.0, 26.200001, 111.400002, 8750.0, 1.0, 58.0, 27485.0, 11275.0, 20.0, 658.0, 2800.0, 20000.0, 18370.0, 14500.0, 1.0 , 9.38, -0.90, -2.60, 12.93, 2.75, 17.65, 5.11, 102947.31, -1.46, -11.11
19:06:59.63,23.0, 27891.0, 1993.0, 84.0, 26.200001, 111.400002, 1750.0, 1.0, 60.0, 27600.0, 10170.0, 20.0, 658.0, 2880.0, 20500.0, 18484.0, 14700.0, 1.0 , 13.01, 0.27, -3.30, 12.90, 2.75, 17.67, 5.11, 102935.78, -1.45, -11.12
19:06:59.73,23.0, 27891.0, 1993.0, 84.0, 26.200001, 111.400002, 8250.0, 1.0, 58.0, 27600.0, 10491.0, 20.0, 654.0, 2860.0, 20400.0, 18599.0, 14700.0, 1.0 , 7.84, -0.27, -4.61, 12.86, 3.00, 17.68, 5.07, 102951.05, -1.46, -11.14
19:06:59.82,23.0, 27891.0, 1993.0, 84.0, 26.200001, 111.400002, 17250.0, 1.0, 66.0, 27600.0, 9030.0, 20.0, 658.0, 2900.0, 20700.0, 18714.0, 14800.0, 1.0 , 14.28, 1.93, -0.84, 12.83, 3.00, 17.71, 5.10, 102940.40, -1.45, -11.15
19:06:59.92,23.0, 27891.0, 1993.0, 84.0, 26.200001, 111.400002, 10500.0, 1.0, 46.0, 27600.0, 9226.0, 20.0, 658.0, 2920.0, 20900.0, 18807.0, 14800.0, 1.0 , 4.25, -3.65, -7.16, 12.80, 3.00, 17.75, 5.11, 102945.83, -1.46, -11.14
19:07:00.01,23.0, 27891.0, 1993.0, 84.0, 26.200001, 111.400002, 3750.0, 1.0, 58.0, 27830.0, 7890.0, 20.0, 658.0, 3000.0, 21400.0, 18926.0, 14900.0, 1.0 , 12.57, -2.88, -0.95, 12.76, 3.50, 17.77, 5.07, 102945.05, -1.46, -11.16
19:07:00.11,23.0, 27891.0, 1993.0, 84.0, 26.200001, 111.400002, 2250.0, 1.0, 74.0, 27600.0, 9494.0, 20.0, 658.0, 2920.0, 20900.0, 19044.0, 15100.0, 1.0 , 9.50, -3.59, -3.00, 12.73, 3.75, 17.79, 5.11, 102938.87, -1.45, -11.17
19:07:00.21,23.0, 27891.0, 1993.0, 84.0, 26.200001, 111.400002, 15750.0, 1.0, 63.0, 27600.0, 9030.0, 20.0, 658.0, 2940.0, 21000.0, 19162.0, 15200.0, 1.0 , 8.74, -1.06, -5.83, 12.69, 4.00, 17.83, 5.19, 102940.73, -1.45, -11.18
19:07:00.30,23.0, 27891.0, 1993.0, 84.0, 26.200001, 111.400002, 12750.0, 1.0, 66.0, 27715.0, 8603.0, 20.0, 658.0, 3020.0, 21600.0, 19281.0, 15200.0, 1.0 , 9.37, -1.74, -1.35, 12.68, 4.00, 17.83, 5.10, 102940.77, -1.45, -11.19
19:07:00.40,23.0, 27891.0, 1993.0, 84.0, 26.200001, 111.400002, 5750.0, 1.0, 69.0, 27715.0, 8371.0, 20.0, 658.0, 3020.0, 21500.0, 19378.0, 15400.0, 1.0 , 10.18, 2.82, 0.87, 12.65, 4.00, 17.85, 4.98, 102932.80, -1.45, -11.19
19:07:00.49,23.0, 27891.0, 1993.0, 84.0, 26.200001, 111.400002, 2750.0, 1.0, 58.0, 27715.0, 8959.0, 20.0, 658.0, 2980.0, 21300.0, 19497.0, 15500.0, 1.0 , 8.56, 1.67, -0.18, 12.61, 4.50, 17.87, 5.10, 102934.66, -1.45, -11.21
19:07:00.59,23.0, 27642.0, 4808.0, 84.0, 26.200001, 111.400002, 4500.0, 1.0, 71.0, 27945.0, 3794.0, 20.0, 607.0, 2960.0, 21100.0, 19615.0, 15500.0, 1.0 , 11.60, 0.80, -3.45, 12.58, 5.25, 17.89, 5.22, 102936.56, -1.45, -11.23
19:07:00.68,23.0, 27642.0, 4808.0, 84.0, 26.200001, 111.400002, 12500.0, 1.0, 67.0, 27715.0, 7890.0, 20.0, 658.0, 3000.0, 21400.0, 19735.0, 15600.0, 1.0 , 7.21, -1.64, -2.57, 12.56, 5.50, 17.93, 5.08, 102935.71, -1.45, -11.21
19:07:00.79,23.0, 27642.0, 4808.0, 84.0, 26.200001, 111.400002, 8000.0, 1.0, 60.0, 27715.0, 8229.0, 20.0, 658.0, 3020.0, 21500.0, 19857.0, 15500.0, 1.0 , 11.03, 0.38, 0.35, 12.52, 5.75, 17.94, 5.14, 102934.89, -1.45, -11.24
19:07:00.89,23.0, 27642.0, 4808.0, 84.0, 26.200001, 111.400002, 4250.0, 1.0, 65.0, 27715.0, 7997.0, 20.0, 658.0, 3040.0, 21600.0, 19977.0, 15600.0, 1.0 , 9.74, -1.02, -2.48, 12.50, 5.75, 17.98, 5.08, 102941.20, -1.45, -11.23
19:07:00.99,23.0, 27642.0, 4808.0, 84.0, 26.200001, 111.400002, 3750.0, 1.0, 61.0, 27715.0, 7196.0, 20.0, 645.0, 3060.0, 21900.0, 20099.0, 15600.0, 1.0 , 9.45, -3.29, -1.64, 12.47, 5.00, 18.00, 5.17, 102938.58, -1.45, -11.24
19:07:01.10,23.0, 27642.0, 4808.0, 84.0, 26.200001, 111.400002, 7500.0, 1.0, 72.0, 27830.0, 6679.0, 20.0, 657.0, 3040.0, 21800.0, 20222.0, 15700.0, 1.0 , 9.99, -1.48, -0.06, 12.43, 3.50, 18.03, 5.14, 102944.01, -1.46, -11.25
19:07:01.19,23.0, 27642.0, 4808.0, 84.0, 26.200001, 111.400002, 4750.0, 1.0, 63.0, 27830.0, 7356.0, 20.0, 658.0, 3020.0, 21600.0, 20344.0, 15800.0, 1.0 , 8.74, -0.45, -5.75, 12.39, 1.50, 18.05, 5.10, 102944.98, -1.46, -11.27
19:07:01.29,23.0, 27642.0, 4808.0, 84.0, 26.200001, 111.400002, 3500.0, 1.0, 60.0, 27830.0, 6519.0, 20.0, 658.0, 3060.0, 21900.0, 20466.0, 15800.0, 1.0 , 7.42, -1.21, -1.53, 12.39, 1.50, 18.07, 5.10, 102952.14, -1.46, -11.26
19:07:01.40,23.0, 27642.0, 4808.0, 84.0, 26.200001, 111.400002, 1750.0, 1.0, 69.0, 27830.0, 4987.0, 20.0, 635.0, 3040.0, 21800.0, 20614.0, 15900.0, 1.0 , 12.47, 0.53, -0.02, 12.32, 1.50, 18.09, 5.16, 102943.38, -1.46, -11.30
19:07:01.51,23.0, 27642.0, 4808.0, 84.0, 26.200001, 111.400002, 8250.0, 1.0, 61.0, 27830.0, 5824.0, 20.0, 656.0, 3160.0, 22600.0, 20739.0, 16000.0, 1.0 , 5.67, -1.34, -3.66, 12.28, 1.50, 18.13, 5.10, 102944.35, -1.46, -11.31
19:07:01.64,23.0, 27642.0, 4808.0, 84.0, 26.200001, 111.400002, 5750.0, 1.0, 73.0, 27830.0, 6644.0, 20.0, 658.0, 3060.0, 21900.0, 20913.0, 16200.0, 1.0 , 13.59, -0.03, 1.36, 12.24, 1.50, 18.15, 5.02, 102941.77, -1.46, -11.32
19:07:01.75,23.0, 27722.0, 3671.0, 84.0, 26.200001, 111.300003, 1750.0, 1.0, 60.0, 27715.0, 7588.0, 20.0, 658.0, 3020.0, 21500.0, 21035.0, 16200.0, 1.0 , 12.75, -0.40, -2.55, 12.20, 1.75, 18.19, 5.13, 102942.74, -1.46, -11.33
19:07:01.85,23.0, 27722.0, 3671.0, 84.0, 26.200001, 111.300003, 5000.0, 1.0, 58.0, 27830.0, 6376.0, 20.0, 653.0, 3060.0, 21900.0, 21158.0, 16200.0, 1.0 , 10.63, 1.99, -1.59, 12.16, 1.50, 18.21, 5.05, 102935.72, -1.45, -11.35
19:07:01.96,23.0, 27722.0, 3671.0, 84.0, 26.200001, 111.300003, 7250.0, 1.0, 55.0, 27830.0, 6038.0, 20.0, 657.0, 3060.0, 21900.0, 21281.0, 16000.0, 1.0 , 10.11, 0.32, -0.24, 12.11, 1.25, 18.24, 4.95, 102938.48, -1.45, -11.37
19:07:02.05,23.0, 27722.0, 3671.0, 84.0, 26.200001, 111.300003, 5750.0, 1.0, 67.0, 27830.0, 5985.0, 20.0, 658.0, 3080.0, 22000.0, 21404.0, 15900.0, 1.0 , 10.75, 1.63, 1.04, 12.07, 1.25, 18.27, 5.13, 102953.72, -1.47, -11.39
19:07:02.15,23.0, 27722.0, 3671.0, 84.0, 26.200001, 111.300003, 2000.0, 1.0, 74.0, 27830.0, 5717.0, 20.0, 658.0, 3120.0, 22300.0, 21578.0, 16100.0, 1.0 , 4.92, 0.45, -3.71, 12.02, 1.00, 18.29, 5.08, 102941.33, -1.45, -11.41
19:07:02.29,23.0, 27722.0, 3671.0, 84.0, 26.200001, 111.300003, 6250.0, 1.0, 66.0, 27830.0, 4862.0, 20.0, 656.0, 3180.0, 22700.0, 21726.0, 16100.0, 1.0 , 9.88, 1.65, -4.17, 11.96, 1.50, 18.33, 5.05, 102945.05, -1.46, -11.43
19:07:02.42,23.0, 27722.0, 3671.0, 84.0, 26.200001, 111.300003, 7250.0, 1.0, 51.0, 27945.0, 4560.0, 20.0, 653.0, 3200.0, 22800.0, 21879.0, 16200.0, 1.0 , 12.07, -0.90, -3.74, 11.90, 1.50, 18.37, 5.02, 102957.66, -1.47, -11.46
19:07:02.54,23.0, 27722.0, 3671.0, 84.0, 26.200001, 111.300003, 3250.0, 1.0, 69.0, 27830.0, 5610.0, 20.0, 657.0, 3140.0, 22200.0, 22033.0, 16300.0, 1.0 , 9.81, 0.64, -1.23, 11.86, 1.75, 18.41, 5.13, 102946.13, -1.46, -11.46
19:07:02.65,23.0, 27722.0, 3671.0, 84.0, 26.200001, 111.300003, 3750.0, 1.0, 73.0, 27715.0, 6412.0, 20.0, 644.0, 3040.0, 21800.0, 22156.0, 16400.0, 1.0 , 8.40, 0.11, -4.38, 11.82, 1.50, 18.42, 5.04, 102941.74, -1.46, -11.48
19:07:02.77,23.0, 27722.0, 3671.0, 84.0, 26.200001, 111.300003, 8500.0, 1.0, 63.0, 27830.0, 6341.0, 20.0, 657.0, 3100.0, 22200.0, 22330.0, 16400.0, 1.0 , 10.53, 0.46, -2.07, 11.78, 1.25, 18.47, 5.05, 102944.53, -1.46, -11.49
19:07:02.90,23.0, 27722.0, 3671.0, 84.0, 26.200001, 111.300003, 5500.0, 1.0, 72.0, 27830.0, 5985.0, 20.0, 656.0, 3100.0, 22200.0, 22504.0, 16100.0, 1.0 , 7.01, 0.02, -1.86, 11.73, 1.50, 18.51, 5.14, 102934.76, -1.45, -11.50
19:07:03.04,23.0, 27780.0, 3206.0, 84.0, 26.200001, 111.300003, 1000.0, 1.0, 69.0, 27830.0, 6287.0, 20.0, 658.0, 3060.0, 21900.0, 22653.0, 16100.0, 1.0 , 11.36, 1.02, -2.56, 11.68, 1.25, 18.55, 5.13, 102943.78, -1.46, -11.52
19:07:03.16,23.0, 27780.0, 3206.0, 84.0, 26.200001, 111.300003, 11000.0, 1.0, 74.0, 27830.0, 5860.0, 20.0, 658.0, 3100.0, 22000.0, 22801.0, 16100.0, 1.0 , 6.05, -0.73, -3.82, 11.66, 1.25, 18.56, 5.10, 102942.92, -1.46, -11.52
19:07:03.27,23.0, 27780.0, 3206.0, 84.0, 26.200001, 111.300003, 6000.0, 1.0, 60.0, 27830.0, 5450.0, 20.0, 656.0, 3140.0, 22400.0, 22950.0, 16100.0, 1.0 , 9.98, -0.32, -2.99, 11.62, 1.50, 18.62, 5.13, 102938.53, -1.45, -11.52
19:07:03.39,23.0, 27780.0, 3206.0, 84.0, 26.200001, 111.300003, 1500.0, 1.0, 72.0, 27830.0, 6109.0, 20.0, 656.0, 3120.0, 22300.0, 23101.0, 16200.0, 1.0 , 11.58, -2.79, -2.89, 11.58, 1.25, 18.64, 5.17, 102951.11, -1.46, -11.54
19:07:03.51,23.0, 27780.0, 3206.0, 84.0, 26.200001, 111.300003, 9250.0, 1.0, 66.0, 27830.0, 5913.0, 20.0, 657.0, 3100.0, 22200.0, 23250.0, 16300.0, 1.0 , 9.82, -1.43, -1.91, 11.54, 1.25, 18.69, 5.16, 102940.49, -1.45, -11.54
19:07:03.63,23.0, 27780.0, 3206.0, 84.0, 26.200001, 111.300003, 2750.0, 1.0, 63.0, 27830.0, 5486.0, 20.0, 657.0, 3140.0, 22400.0, 23401.0, 16300.0, 1.0 , 11.63, 1.83, 0.86, 11.51, 1.00, 18.69, 5.11, 102938.75, -1.45, -11.56
19:07:03.75,23.0, 27780.0, 3206.0, 84.0, 26.200001, 111.300003, 3250.0, 1.0, 67.0, 27715.0, 6394.0, 20.0, 643.0, 3080.0, 22000.0, 23551.0, 16300.0, 1.0 , 9.13, 0.15, -1.79, 11.47, 1.00, 18.73, 5.07, 102934.36, -1.45, -11.56
19:07:03.87,23.0, 27780.0, 3206.0, 84.0, 26.200001, 111.300003, 1750.0, 1.0, 67.0, 28175.0, 1514.0, 20.0, 602.0, 3080.0, 22000.0, 23698.0, 16300.0, 1.0 , 10.01, 2.35, 0.51, 11.45, 0.75, 18.77, 5.10, 102933.50, -1.45, -11.55
19:07:03.98,23.0, 27780.0, 3206.0, 84.0, 26.200001, 111.300003, 9750.0, 1.0, 60.0, 27830.0, 6216.0, 20.0, 656.0, 3100.0, 22200.0, 23824.0, 16300.0, 1.0 , 9.42, 0.67, -3.11, 11.43, 1.00, 18.79, 5.13, 102942.47, -1.46, -11.56
19:07:04.08,23.0, 27780.0, 3206.0, 84.0, 26.200001, 111.300003, 4250.0, 1.0, 74.0, 27830.0, 5735.0, 20.0, 657.0, 3120.0, 22300.0, 23949.0, 16300.0, 1.0 , 8.74, 0.45, -3.76, 11.40, 0.75, 18.82, 5.01, 102927.35, -1.44, -11.56
19:07:04.18,23.0, 27757.0, 3032.0, 84.0, 26.200001, 111.300003, 2750.0, 1.0, 67.0, 27830.0, 5967.0, 20.0, 657.0, 3120.0, 22300.0, 24072.0, 16200.0, 1.0 , 10.22, -1.20, -2.95, 11.38, 0.75, 18.85, 4.95, 102939.90, -1.45, -11.56
19:07:04.29,23.0, 27757.0, 3032.0, 84.0, 26.200001, 111.300003, 6750.0, 1.0, 66.0, 27830.0, 6145.0, 20.0, 655.0, 3100.0, 22100.0, 24197.0, 16200.0, 1.0 , 4.71, -1.93, -4.29, 11.36, 0.75, 18.88, 5.05, 102936.37, -1.45, -11.56
19:07:04.40,23.0, 27757.0, 3032.0, 84.0, 26.200001, 111.300003, 10250.0, 1.0, 72.0, 27830.0, 6661.0, 20.0, 658.0, 3060.0, 21900.0, 24347.0, 16200.0, 1.0 , 10.21, -0.74, -1.13, 11.33, 1.00, 18.90, 5.11, 102937.30, -1.45, -11.57
19:07:04.52,23.0, 27757.0, 3032.0, 84.0, 26.200001, 111.300003, 3750.0, 1.0, 64.0, 27830.0, 6768.0, 20.0, 657.0, 3040.0, 21700.0, 24470.0, 16200.0, 1.0 , 7.17, -0.29, -3.62, 11.32, 0.75, 18.93, 5.02, 102937.33, -1.45, -11.56
19:07:04.62,23.0, 27757.0, 3032.0, 84.0, 26.200001, 111.300003, 2000.0, 1.0, 74.0, 27830.0, 5593.0, 20.0, 656.0, 3100.0, 22200.0, 24594.0, 16200.0, 1.0 , 12.87, -0.98, -1.79, 11.31, 1.00, 18.95, 5.07, 102948.93, -1.46, -11.55
19:07:04.71,23.0, 27757.0, 3032.0, 84.0, 26.200001, 111.300003, 2250.0, 1.0, 68.0, 27945.0, 3651.0, 20.0, 631.0, 3140.0, 22400.0, 24720.0, 16200.0, 1.0 , 9.96, 0.01, -2.87, 11.28, 1.00, 18.96, 5.13, 102944.52, -1.46, -11.57
19:07:04.80,23.0, 27757.0, 3032.0, 84.0, 26.200001, 111.300003, 10250.0, 1.0, 69.0, 27830.0, 5094.0, 20.0, 656.0, 3180.0, 22700.0, 24848.0, 16200.0, 1.0 , 10.69, 1.02, -1.21, 11.26, 1.00, 19.00, 5.08, 102967.72, -1.48, -11.56
19:07:04.90,23.0, 27757.0, 3032.0, 84.0, 26.200001, 111.300003, 7000.0, 1.0, 74.0, 27830.0, 6376.0, 20.0, 656.0, 3120.0, 22600.0, 24949.0, 16300.0, 1.0 , 11.72, -1.16, -4.67, 11.24, 1.00, 19.01, 5.04, 102958.84, -1.47, -11.57
19:07:04.99,23.0, 27757.0, 3032.0, 84.0, 26.200001, 111.300003, 3750.0, 1.0, 61.0, 27945.0, 5521.0, 20.0, 655.0, 3120.0, 22300.0, 25074.0, 16400.0, 1.0 , 8.82, -0.33, -1.63, 11.22, 1.50, 19.04, 5.11, 102966.00, -1.48, -11.57
19:07:05.08,23.0, 27757.0, 3032.0, 84.0, 26.200001, 111.300003, 750.0, 1.0, 75.0, 27945.0, 5058.0, 20.0, 655.0, 3180.0, 22700.0, 25175.0, 16400.0, 1.0 , 11.96, -1.03, -1.11, 11.18, 1.75, 19.07, 5.13, 102958.97, -1.47, -11.58
19:07:05.18,23.0, 27757.0, 3032.0, 84.0, 26.200001, 111.300003, 7500.0, 1.0, 74.0, 27830.0, 5913.0, 20.0, 656.0, 3140.0, 22500.0, 25302.0, 16400.0, 1.0 , 11.43, -1.64, -1.45, 11.16, 2.25, 19.10, 5.08, 102958.11, -1.47, -11.58
19:07:05.27,23.0, 27757.0, 3032.0, 84.0, 26.200001, 111.300003, 9750.0, 1.0, 60.0, 27830.0, 6412.0, 20.0, 658.0, 3080.0, 22000.0, 25426.0, 16300.0, 1.0 , 9.38, 0.64, 0.58, 11.12, 2.25, 19.12, 5.10, 102963.52, -1.47, -11.60
19:07:05.37,23.0, 27788.0, 2973.0, 84.0, 26.200001, 111.300003, 4750.0, 1.0, 63.0, 27830.0, 6216.0, 20.0, 656.0, 3100.0, 22200.0, 25549.0, 16300.0, 1.0 , 12.77, 1.60, -1.64, 11.11, 2.25, 19.13, 5.05, 102967.10, -1.48, -11.60
19:07:05.46,23.0, 27788.0, 2973.0, 84.0, 26.200001, 111.300003, 1000.0, 1.0, 57.0, 27945.0, 5236.0, 20.0, 653.0, 3180.0, 22700.0, 25650.0, 16300.0, 1.0 , 8.95, -0.69, -3.89, 11.05, 3.00, 19.17, 5.05, 102960.94, -1.47, -11.62
19:07:05.56,23.0, 27788.0, 2973.0, 84.0, 26.200001, 111.300003, 7250.0, 1.0, 72.0, 27830.0, 5432.0, 20.0, 656.0, 3140.0, 22400.0, 25776.0, 16300.0, 1.0 , 11.27, -0.46, 0.09, 11.02, 3.25, 19.20, 4.99, 102949.41, -1.46, -11.63
19:07:05.65,23.0, 27788.0, 2973.0, 84.0, 26.200001, 111.300003, 10500.0, 1.0, 73.0, 27830.0, 6020.0, 20.0, 657.0, 3100.0, 22100.0, 25900.0, 16300.0, 1.0 , 9.01, 2.67, -2.08, 10.98, 3.75, 19.23, 4.99, 102953.95, -1.47, -11.65
19:07:05.75,23.0, 27788.0, 2973.0, 84.0, 26.200001, 111.300003, 6500.0, 1.0, 60.0, 27830.0, 6448.0, 20.0, 657.0, 3100.0, 22200.0, 26024.0, 16300.0, 1.0 , 12.67, 0.49, -2.43, 10.97, 4.75, 19.24, 5.02, 102938.81, -1.45, -11.65
19:07:05.84,23.0, 27788.0, 2973.0, 84.0, 26.200001, 111.300003, 2000.0, 1.0, 58.0, 27830.0, 5610.0, 20.0, 656.0, 3100.0, 22100.0, 26124.0, 16300.0, 1.0 , 6.91, 0.06, -1.29, 10.93, 5.50, 19.26, 5.04, 102946.91, -1.46, -11.66
19:07:05.93,23.0, 27788.0, 2973.0, 84.0, 26.200001, 111.300003, 3250.0, 1.0, 51.0, 27945.0, 5557.0, 20.0, 655.0, 3120.0, 22300.0, 26248.0, 16200.0, 1.0 , 5.92, -0.97, -3.42, 10.90, 6.25, 19.31, 5.05, 102930.91, -1.45, -11.66
19:07:06.02,23.0, 27788.0, 2973.0, 84.0, 26.200001, 111.300003, 11250.0, 1.0, 66.0, 27830.0, 5771.0, 20.0, 657.0, 3120.0, 22300.0, 26373.0, 16200.0, 1.0 , 7.12, -0.87, -4.04, 10.88, 7.00, 19.31, 5.07, 102925.59, -1.44, -11.67
19:07:06.12,23.0, 27788.0, 2973.0, 84.0, 26.200001, 111.300003, 8000.0, 1.0, 60.0, 27830.0, 6020.0, 20.0, 657.0, 3100.0, 22200.0, 26496.0, 16200.0, 1.0 , 9.09, -1.15, -0.57, 10.83, 6.75, 19.35, 5.08, 102947.94, -1.46, -11.69
19:07:06.22,23.0, 27788.0, 2973.0, 84.0, 26.200001, 111.300003, 2750.0, 1.0, 63.0, 27830.0, 6074.0, 20.0, 657.0, 3100.0, 22200.0, 26621.0, 16200.0, 1.0 , 8.52, -0.60, -2.49, 10.79, 6.25, 19.39, 5.05, 102939.08, -1.45, -11.70
19:07:06.33,23.0, 27788.0, 2973.0, 84.0, 26.200001, 111.300003, 1500.0, 1.0, 72.0, 27830.0, 6697.0, 20.0, 658.0, 3080.0, 22000.0, 26744.0, 16100.0, 1.0 , 7.37, -0.07, -2.73, 10.77, 6.00, 19.40, 5.07, 102943.59, -1.46, -11.71
19:07:06.42,23.0, 27788.0, 2973.0, 84.0, 26.200001, 111.300003, 9750.0, 1.0, 49.0, 27945.0, 5860.0, 20.0, 655.0, 3140.0, 22500.0, 26869.0, 16100.0, 1.0 , 7.21, -0.35, -3.61, 10.75, 5.25, 19.44, 4.99, 102949.87, -1.46, -11.70
19:07:06.52,23.0, 27788.0, 2973.0, 84.0, 26.200001, 111.300003, 7500.0, 1.0, 64.0, 27945.0, 4898.0, 20.0, 655.0, 3160.0, 22600.0, 26995.0, 16100.0, 1.0 , 11.15, -1.20, -2.47, 10.72, 5.00, 19.45, 4.94, 102955.25, -1.47, -11.72
19:07:06.64,23.0, 27765.0, 2907.0, 84.0, 26.200001, 111.300003, 3500.0, 1.0, 73.0, 27830.0, 6198.0, 20.0, 657.0, 3080.0, 22000.0, 27144.0, 16200.0, 1.0 , 11.48, -3.13, -1.70, 10.65, 4.25, 19.51, 5.07, 102966.02, -1.48, -11.74
19:07:06.75,23.0, 27765.0, 2907.0, 84.0, 26.200001, 111.300003, 5000.0, 1.0, 71.0, 27830.0, 5700.0, 20.0, 645.0, 3080.0, 22000.0, 27291.0, 16200.0, 1.0 , 13.42, 0.63, -1.70, 10.62, 3.50, 19.53, 4.95, 102942.02, -1.46, -11.75
19:07:06.87,23.0, 27765.0, 2907.0, 84.0, 26.200001, 111.300003, 12000.0, 1.0, 63.0, 27830.0, 6394.0, 20.0, 657.0, 3100.0, 22200.0, 27414.0, 16200.0, 1.0 , 12.65, 1.29, -3.15, 10.58, 2.00, 19.56, 4.99, 102964.36, -1.48, -11.76
19:07:06.97,23.0, 27765.0, 2907.0, 84.0, 26.200001, 111.300003, 8000.0, 1.0, 57.0, 27945.0, 6163.0, 20.0, 655.0, 3100.0, 22100.0, 27540.0, 16100.0, 1.0 , 15.76, -0.07, -0.42, 10.56, 2.00, 19.58, 5.01, 102965.28, -1.48, -11.77
19:07:07.07,23.0, 27765.0, 2907.0, 84.0, 26.200001, 111.300003, 3250.0, 1.0, 72.0, 27945.0, 5486.0, 20.0, 654.0, 3160.0, 22600.0, 27666.0, 16100.0, 1.0 , 9.15, 1.65, 0.18, 10.53, 2.00, 19.60, 5.05, 102946.62, -1.46, -11.78
19:07:07.16,23.0, 27765.0, 2907.0, 84.0, 26.200001, 111.300003, 5750.0, 1.0, 74.0, 27830.0, 5397.0, 20.0, 657.0, 3160.0, 22500.0, 27792.0, 16100.0, 1.0 , 18.08, 2.02, 2.89, 10.48, 2.00, 19.64, 5.01, 102964.49, -1.48, -11.80
19:07:07.26,23.0, 27765.0, 2907.0, 84.0, 26.200001, 111.300003, 11750.0, 1.0, 71.0, 27945.0, 4720.0, 20.0, 655.0, 3220.0, 23000.0, 27918.0, 16300.0, 1.0 , 11.33, -2.16, -0.93, 10.45, 2.25, 19.67, 5.07, 102960.08, -1.47, -11.80
19:07:07.36,23.0, 27765.0, 2907.0, 84.0, 26.200001, 111.300003, 6500.0, 1.0, 65.0, 27945.0, 4470.0, 20.0, 653.0, 3200.0, 22800.0, 28046.0, 16300.0, 1.0 , 8.83, -0.79, -4.86, 10.41, 2.50, 19.69, 5.02, 102955.67, -1.47, -11.82
19:07:07.46,23.0, 27765.0, 2907.0, 84.0, 26.200001, 111.300003, 2750.0, 1.0, 58.0, 27830.0, 4631.0, 20.0, 656.0, 3160.0, 22500.0, 28174.0, 16400.0, 1.0 , 7.54, -2.66, -1.00, 10.37, 2.50, 19.73, 4.98, 102964.66, -1.48, -11.83
19:07:07.57,23.0, 27765.0, 2907.0, 84.0, 26.200001, 111.300003, 4250.0, 1.0, 73.0, 27830.0, 5504.0, 20.0, 658.0, 3140.0, 22400.0, 28276.0, 16600.0, 1.0 , 11.08, -3.05, -1.65, 10.35, 2.50, 19.75, 5.01, 102959.33, -1.47, -11.83
19:07:07.66,23.0, 27765.0, 2907.0, 84.0, 26.200001, 111.300003, 7500.0, 1.0, 73.0, 27830.0, 6163.0, 20.0, 657.0, 3120.0, 22300.0, 28402.0, 16600.0, 1.0 , 8.49, -1.53, -3.77, 10.31, 2.00, 19.78, 5.13, 102957.61, -1.47, -11.85
19:07:07.75,23.0, 27765.0, 2907.0, 84.0, 26.200001, 111.300003, 5500.0, 1.0, 63.0, 27830.0, 5895.0, 20.0, 656.0, 3100.0, 22100.0, 28526.0, 16500.0, 1.0 , 9.38, -1.59, -4.57, 10.29, 2.00, 19.82, 5.08, 102951.39, -1.46, -11.84
19:07:07.84,23.0, 27782.0, 2975.0, 84.0, 26.200001, 111.300003, 3250.0, 1.0, 72.0, 27945.0, 4862.0, 20.0, 655.0, 3180.0, 22700.0, 28627.0, 16300.0, 1.0 , 7.81, -0.65, -2.39, 10.28, 2.00, 19.81, 5.02, 102962.98, -1.47, -11.86
19:07:07.93,23.0, 27782.0, 2975.0, 84.0, 26.200001, 111.300003, 1250.0, 1.0, 51.0, 27830.0, 4738.0, 20.0, 655.0, 3200.0, 22800.0, 28755.0, 16300.0, 1.0 , 7.61, 2.41, -1.16, 10.27, 2.00, 19.83, 5.01, 102949.64, -1.46, -11.85
19:07:08.03,23.0, 27782.0, 2975.0, 84.0, 26.200001, 111.300003, 8250.0, 1.0, 66.0, 27830.0, 5717.0, 20.0, 656.0, 3160.0, 22500.0, 28883.0, 16400.0, 1.0 , 9.52, -0.88, -6.00, 10.25, 2.00, 19.87, 5.04, 102946.11, -1.46, -11.84
19:07:08.13,23.0, 27782.0, 2975.0, 84.0, 26.200001, 111.300003, 7750.0, 1.0, 75.0, 27945.0, 5147.0, 20.0, 654.0, 3160.0, 22600.0, 29009.0, 16500.0, 1.0 , 9.16, 0.13, -3.24, 10.22, 2.00, 19.90, 4.98, 102954.16, -1.47, -11.85
19:07:08.23,23.0, 27782.0, 2975.0, 84.0, 26.200001, 111.300003, 3750.0, 1.0, 67.0, 27945.0, 4025.0, 20.0, 654.0, 3240.0, 23200.0, 29138.0, 16500.0, 1.0 , 10.76, -1.14, -1.81, 10.19, 2.00, 19.92, 4.94, 102940.88, -1.45, -11.86
19:07:08.33,23.0, 27782.0, 2975.0, 84.0, 26.200001, 111.300003, 750.0, 1.0, 75.0, 27945.0, 5094.0, 20.0, 655.0, 3160.0, 22600.0, 29267.0, 16600.0, 1.0 , 6.52, -1.52, 1.06, 10.15, 2.50, 19.95, 5.10, 102945.33, -1.46, -11.88
19:07:08.43,23.0, 27782.0, 2975.0, 84.0, 26.200001, 111.300003, 6000.0, 1.0, 52.0, 27830.0, 5610.0, 20.0, 644.0, 3040.0, 21800.0, 29390.0, 16500.0, 1.0 , 4.45, -4.79, 1.97, 10.12, 2.25, 19.99, 4.92, 102958.70, -1.47, -11.88
19:07:08.52,23.0, 27782.0, 2975.0, 84.0, 26.200001, 111.300003, 8500.0, 1.0, 67.0, 27715.0, 7089.0, 20.0, 658.0, 3020.0, 21500.0, 29487.0, 16400.0, 1.0 , 7.73, -0.29, -2.10, 10.11, 2.00, 20.00, 5.04, 102943.59, -1.46, -11.88
19:07:08.62,23.0, 27782.0, 2975.0, 84.0, 26.200001, 111.300003, 1750.0, 1.0, 75.0, 27945.0, 4827.0, 20.0, 655.0, 3160.0, 22600.0, 29611.0, 16200.0, 1.0 , -1.79, 2.86, -3.26, 10.08, 2.00, 20.02, 4.95, 102945.42, -1.46, -11.89
19:07:08.71,23.0, 27782.0, 2975.0, 84.0, 26.200001, 111.300003, 1250.0, 1.0, 68.0, 27830.0, 4702.0, 20.0, 655.0, 3200.0, 22800.0, 29738.0, 16200.0, 1.0 , 6.95, -1.28, -2.39, 10.06, 2.50, 20.03, 5.05, 102936.54, -1.45, -11.90
19:07:08.81,23.0, 27782.0, 2975.0, 84.0, 26.200001, 111.300003, 5250.0, 1.0, 69.0, 27830.0, 5058.0, 20.0, 652.0, 3140.0, 22600.0, 29864.0, 16200.0, 1.0 , 7.80, -1.33, -2.82, 10.03, 2.25, 20.07, 5.11, 102930.34, -1.44, -11.90
19:07:08.91,23.0, 27782.0, 2975.0, 84.0, 26.200001, 111.300003, 9500.0, 1.0, 74.0, 27830.0, 5557.0, 20.0, 656.0, 3140.0, 22400.0, 29989.0, 16200.0, 1.0 , 12.09, 1.38, 1.66, 10.01, 2.25, 20.09, 5.01, 102937.48, -1.45, -11.90
19:07:09.01,23.0, 27763.0, 2609.0, 84.0, 26.200001, 111.199997, 6000.0, 1.0, 64.0, 27945.0, 4560.0, 20.0, 655.0, 3220.0, 23000.0, 30117.0, 16300.0, 1.0 , 12.12, 0.95, -0.19, 10.01, 2.25, 20.11, 4.99, 102937.48, -1.45, -11.89
19:07:09.10,23.0, 27763.0, 2609.0, 84.0, 26.200001, 111.199997, 2250.0, 1.0, 74.0, 27945.0, 4221.0, 20.0, 654.0, 3240.0, 23200.0, 30246.0, 16500.0, 1.0 , 5.75, -0.84, -3.53, 10.02, 2.25, 20.12, 5.10, 102933.02, -1.45, -11.88
19:07:09.20,23.0, 27763.0, 2609.0, 84.0, 26.200001, 111.199997, 7250.0, 1.0, 68.0, 27945.0, 5076.0, 20.0, 654.0, 3200.0, 22800.0, 30349.0, 16500.0, 1.0 , 6.64, -1.25, -3.21, 10.01, 2.25, 20.15, 5.01, 102940.14, -1.45, -11.87
19:07:09.30,23.0, 27763.0, 2609.0, 84.0, 26.200001, 111.199997, 9750.0, 1.0, 69.0, 27945.0, 4096.0, 20.0, 653.0, 3240.0, 23200.0, 30477.0, 16600.0, 1.0 , 5.84, 0.86, -1.59, 10.02, 2.25, 20.18, 4.90, 102933.02, -1.45, -11.84
19:07:09.40,23.0, 27763.0, 2609.0, 84.0, 26.200001, 111.199997, 9000.0, 1.0, 74.0, 27830.0, 4684.0, 20.0, 656.0, 3240.0, 23200.0, 30605.0, 16700.0, 1.0 , 3.07, -1.74, -4.06, 10.03, 2.00, 20.20, 4.88, 102932.13, -1.45, -11.82
19:07:09.50,23.0, 27763.0, 2609.0, 84.0, 26.200001, 111.199997, 1000.0, 1.0, 61.0, 27945.0, 4257.0, 20.0, 653.0, 3200.0, 22800.0, 30735.0, 16700.0, 1.0 , 5.58, 1.05, -1.27, 10.04, 1.50, 20.19, 4.98, 102941.90, -1.46, -11.82
19:07:09.60,23.0, 27763.0, 2609.0, 84.0, 26.200001, 111.199997, 4000.0, 1.0, 74.0, 27945.0, 5325.0, 20.0, 655.0, 3200.0, 22800.0, 30864.0, 16800.0, 1.0 , 9.92, -2.01, -1.93, 10.06, 1.50, 20.22, 4.99, 102933.88, -1.45, -11.78
19:07:09.70,23.0, 27763.0, 2609.0, 84.0, 26.200001, 111.199997, 9000.0, 1.0, 68.0, 27830.0, 5967.0, 20.0, 657.0, 3160.0, 22600.0, 30991.0, 16800.0, 1.0 , 5.67, -1.17, -3.80, 10.06, 1.50, 20.23, 5.01, 102918.75, -1.43, -11.78
19:07:09.79,23.0, 27763.0, 2609.0, 84.0, 26.200001, 111.199997, 3500.0, 1.0, 63.0, 27945.0, 4364.0, 20.0, 653.0, 3220.0, 23000.0, 31119.0, 16700.0, 1.0 , 12.27, -0.43, -2.22, 10.10, 1.50, 20.26, 5.05, 102940.95, -1.45, -11.72
19:07:09.89,23.0, 27763.0, 2609.0, 84.0, 26.200001, 111.199997, 3250.0, 1.0, 69.0, 27830.0, 5040.0, 20.0, 641.0, 3180.0, 22700.0, 31247.0, 16700.0, 1.0 , 9.39, 1.18, -2.16, 10.10, 1.50, 20.26, 5.05, 102939.16, -1.45, -11.72
19:07:09.99,23.0, 27763.0, 2609.0, 84.0, 26.200001, 111.199997, 4750.0, 1.0, 61.0, 28060.0, 1478.0, 20.0, 650.0, 3300.0, 23500.0, 31374.0, 16500.0, 1.0 , 7.88, 0.89, -2.05, 10.12, 1.00, 20.27, 5.02, 102944.48, -1.46, -11.70
19:07:10.09,23.0, 27763.0, 2609.0, 84.0, 26.200001, 111.199997, 9500.0, 1.0, 75.0, 28060.0, 3526.0, 20.0, 652.0, 3240.0, 23200.0, 31505.0, 16700.0, 1.0 , 7.60, 0.34, -2.49, 10.11, 1.00, 20.30, 4.96, 102927.58, -1.44, -11.69
19:07:10.19,23.0, 27805.0, 2326.0, 84.0, 26.1, 111.199997, 7250.0, 1.0, 74.0, 27945.0, 3883.0, 20.0, 654.0, 3240.0, 23200.0, 31636.0, 16800.0, 1.0 , 8.20, 1.20, 0.23, 10.13, 1.00, 20.32, 5.02, 102930.23, -1.44, -11.66
19:07:10.28,23.0, 27805.0, 2326.0, 84.0, 26.1, 111.199997, 3250.0, 1.0, 63.0, 28060.0, 3206.0, 20.0, 651.0, 3300.0, 23600.0, 31742.0, 16800.0, 1.0 , 6.61, 1.22, -0.02, 10.14, 0.75, 20.32, 5.05, 102932.89, -1.45, -11.65
19:07:10.38,23.0, 27805.0, 2326.0, 84.0, 26.1, 111.199997, 7000.0, 1.0, 67.0, 28060.0, 2796.0, 20.0, 652.0, 3360.0, 24000.0, 31875.0, 17100.0, 1.0 , 1.80, -2.30, -5.43, 10.15, 1.00, 20.34, 5.01, 102931.98, -1.45, -11.63
19:07:10.48,23.0, 27805.0, 2326.0, 84.0, 26.1, 111.199997, 11750.0, 1.0, 64.0, 28060.0, 2796.0, 20.0, 651.0, 3300.0, 23600.0, 32010.0, 17200.0, 1.0 , 10.78, 0.03, -2.00, 10.16, 1.00, 20.35, 5.01, 102947.09, -1.46, -11.62
19:07:10.58,23.0, 27805.0, 2326.0, 84.0, 26.1, 111.199997, 7000.0, 1.0, 76.0, 27945.0, 4203.0, 20.0, 654.0, 3220.0, 23000.0, 32141.0, 17300.0, 1.0 , 12.90, -0.07, -2.20, 10.17, 1.00, 20.36, 4.92, 102954.20, -1.47, -11.60
19:07:10.67,23.0, 27805.0, 2326.0, 84.0, 26.1, 111.199997, 1500.0, 1.0, 74.0, 28060.0, 2921.0, 20.0, 651.0, 3320.0, 23700.0, 32272.0, 17300.0, 1.0 , 10.64, -0.41, -1.01, 10.16, 0.75, 20.37, 5.05, 102946.22, -1.46, -11.61
19:07:10.77,23.0, 27805.0, 2326.0, 84.0, 26.1, 111.199997, 5500.0, 1.0, 75.0, 28060.0, 2974.0, 20.0, 652.0, 3360.0, 24000.0, 32405.0, 17300.0, 1.0 , 9.45, -3.71, -0.77, 10.14, 0.75, 20.40, 4.96, 102948.02, -1.46, -11.60
19:07:10.87,23.0, 27805.0, 2326.0, 84.0, 26.1, 111.199997, 13250.0, 1.0, 67.0, 28060.0, 4346.0, 20.0, 652.0, 3220.0, 23000.0, 32536.0, 17200.0, 1.0 , 8.09, 1.65, -4.72, 10.11, 0.50, 20.40, 5.07, 102943.59, -1.46, -11.63
19:07:10.96,23.0, 27805.0, 2326.0, 84.0, 26.1, 111.199997, 4750.0, 1.0, 60.0, 28060.0, 3669.0, 20.0, 652.0, 3300.0, 23500.0, 32640.0, 17200.0, 1.0 , 10.04, -0.90, -2.79, 10.08, 0.50, 20.42, 5.01, 102945.42, -1.46, -11.64
19:07:11.06,23.0, 27805.0, 2326.0, 84.0, 26.1, 111.199997, 1250.0, 1.0, 72.0, 28060.0, 3010.0, 20.0, 651.0, 3320.0, 23700.0, 32773.0, 17100.0, 1.0 , 14.40, 0.84, -2.39, 10.07, 0.75, 20.44, 4.95, 102954.33, -1.47, -11.64
19:07:11.15,23.0, 27805.0, 2326.0, 84.0, 26.1, 111.199997, 3250.0, 1.0, 84.0, 27945.0, 3455.0, 20.0, 654.0, 3300.0, 23500.0, 32906.0, 17200.0, 1.0 , 2.89, 0.65, -3.02, 10.02, 0.75, 20.44, 5.04, 102955.25, -1.47, -11.68
19:07:11.24,23.0, 27805.0, 2326.0, 84.0, 26.1, 111.199997, 8500.0, 1.0, 67.0, 27945.0, 4791.0, 20.0, 654.0, 3220.0, 23000.0, 33010.0, 17200.0, 1.0 , 6.21, -3.27, -6.71, 9.98, 0.75, 20.46, 4.90, 102952.67, -1.47, -11.70
19:07:11.33,23.0, 27805.0, 2326.0, 84.0, 26.1, 111.199997, 8000.0, 1.0, 78.0, 28060.0, 3758.0, 20.0, 652.0, 3280.0, 23300.0, 33140.0, 17100.0, 1.0 , 12.61, -2.11, 1.67, 9.95, 1.00, 20.48, 5.07, 102958.03, -1.47, -11.72
19:07:11.43,23.0, 27891.0, 1595.0, 84.0, 26.1, 111.199997, 3000.0, 1.0, 54.0, 27945.0, 3705.0, 20.0, 653.0, 3300.0, 23500.0, 33271.0, 17000.0, 1.0 , 5.71, -0.89, -0.11, 9.92, 1.00, 20.50, 4.98, 102950.95, -1.46, -11.73
19:07:11.53,23.0, 27891.0, 1595.0, 84.0, 26.1, 111.199997, 6250.0, 1.0, 70.0, 28060.0, 3598.0, 20.0, 652.0, 3300.0, 23500.0, 33376.0, 17000.0, 1.0 , 9.08, -0.86, -1.56, 9.88, 0.75, 20.53, 4.98, 102962.55, -1.47, -11.75
19:07:11.62,23.0, 27891.0, 1595.0, 84.0, 26.1, 111.199997, 15750.0, 1.0, 74.0, 28060.0, 3313.0, 20.0, 652.0, 3300.0, 23500.0, 33508.0, 16900.0, 1.0 , -15.15, 0.89, -2.05, 9.84, 0.75, 20.56, 4.92, 102966.14, -1.48, -11.76
19:07:11.72,23.0, 27891.0, 1595.0, 84.0, 26.1, 111.199997, 2250.0, 1.0, 67.0, 28175.0, 1888.0, 20.0, 650.0, 3400.0, 24300.0, 33667.0, 17000.0, 1.0 , 9.48, -3.97, -6.31, 9.82, 0.75, 20.59, 4.96, 102972.39, -1.48, -11.76
19:07:11.85,23.0, 27891.0, 1595.0, 84.0, 26.1, 111.199997, 3750.0, 1.0, 63.0, 28175.0, 1941.0, 20.0, 650.0, 3380.0, 24100.0, 33829.0, 17200.0, 1.0 , 19.36, 10.63, 17.87, 9.79, 0.75, 20.60, 5.01, 102965.30, -1.48, -11.78
