16:10:18.87,22.0, 26635.0, 163.0, 65.0, 19.700001, 83.699997, 250.0, 2.0, 0.0, 26795.0, 0.0, 23.0, 0.0, 0.0, 0.0, 65533.0, 0.0, 1.0 , 8.71, -4.21, -0.09, 26.13, 37.25, 16.24, 10.14, 101140.61, 0.17, -1.47
16:10:19.03,22.0, 26635.0, 163.0, 65.0, 19.700001, 83.699997, 250.0, 2.0, 0.0, 26795.0, 0.0, 23.0, 0.0, 0.0, 0.0, 65533.0, 0.0, 1.0 , 9.01, -4.08, -0.24, 26.13, 37.00, 16.23, 9.41, 101135.17, 0.17, -1.47
16:10:19.18,22.0, 26613.0, 162.0, 65.0, 19.700001, 83.699997, 0.0, 2.0, 0.0, 26795.0, 0.0, 23.0, 0.0, 0.0, 0.0, 65533.0, 0.0, 1.0 , 8.84, -4.15, -0.11, 26.13, 37.00, 16.24, 10.45, 101139.72, 0.17, -1.47
16:10:19.30,22.0, 26613.0, 162.0, 65.0, 19.700001, 83.699997, 0.0, 2.0, 0.0, 26795.0, 0.0, 23.0, 0.0, 0.0, 0.0, 65533.0, 0.0, 1.0 , 8.73, -3.84, -0.29, 26.14, 37.75, 16.23, 9.76, 101133.34, 0.17, -1.47
16:10:19.43,22.0, 26613.0, 162.0, 65.0, 19.700001, 83.699997, 250.0, 2.0, 0.0, 26795.0, 0.0, 23.0, 0.0, 0.0, 0.0, 65533.0, 0.0, 1.0 , 8.83, -4.32, -0.10, 26.13, 36.50, 16.23, 10.24, 101137.89, 0.17, -1.47
16:10:19.57,22.0, 26613.0, 162.0, 65.0, 19.700001, 83.699997, 0.0, 2.0, 0.0, 26795.0, 0.0, 23.0, 0.0, 0.0, 0.0, 65533.0, 0.0, 1.0 , 8.84, -4.08, -0.21, 26.12, 37.25, 16.23, 9.85, 101136.13, 0.17, -1.48
16:10:19.73,22.0, 26613.0, 162.0, 65.0, 19.700001, 83.699997, 250.0, 2.0, 0.0, 26795.0, 0.0, 23.0, 0.0, 0.0, 0.0, 65533.0, 0.0, 1.0 , 8.83, -4.10, -0.19, 26.13, 37.00, 16.24, 10.80, 101137.02, 0.17, -1.47
16:10:19.85,22.0, 26613.0, 162.0, 65.0, 19.700001, 83.699997, 0.0, 2.0, 0.0, 26795.0, 0.0, 23.0, 0.0, 0.0, 0.0, 65533.0, 0.0, 1.0 , 8.81, -4.31, 0.42, 26.12, 37.00, 16.24, 10.24, 101138.84, 0.17, -1.47
16:10:19.99,22.0, 26613.0, 162.0, 65.0, 19.700001, 83.699997, 0.0, 2.0, 0.0, 26795.0, 0.0, 23.0, 0.0, 0.0, 0.0, 65533.0, 0.0, 1.0 , 8.76, -4.06, -0.19, 26.13, 37.25, 16.21, 10.14, 101137.02, 0.17, -1.49
16:10:20.12,22.0, 26613.0, 162.0, 65.0, 19.700001, 83.699997, 0.0, 2.0, 0.0, 26795.0, 0.0, 23.0, 0.0, 0.0, 0.0, 65533.0, 0.0, 1.0 , 8.91, -4.16, -0.31, 26.13, 36.75, 16.23, 9.85, 101134.30, 0.17, -1.47
16:10:20.28,22.0, 26629.0, 203.0, 65.0, 19.700001, 83.699997, 250.0, 2.0, 0.0, 26795.0, 0.0, 23.0, 0.0, 0.0, 0.0, 65533.0, 0.0, 1.0 , 8.82, -4.09, -0.55, 26.13, 37.75, 16.23, 10.35, 101134.30, 0.17, -1.47
16:10:20.47,22.0, 26629.0, 203.0, 65.0, 19.700001, 83.699997, 0.0, 2.0, 0.0, 26795.0, 0.0, 23.0, 0.0, 0.0, 0.0, 65533.0, 0.0, 1.0 , 8.87, -4.15, -0.15, 26.13, 37.00, 16.23, 9.94, 101132.45, 0.17, -1.47
16:10:20.63,22.0, 26629.0, 203.0, 65.0, 19.700001, 83.699997, 250.0, 2.0, 0.0, 26795.0, 17.0, 23.0, 0.0, 0.0, 0.0, 65533.0, 0.0, 1.0 , 8.85, -4.21, 0.19, 26.13, 37.25, 16.23, 9.94, 101132.45, 0.17, -1.47
16:10:20.76,22.0, 26629.0, 203.0, 65.0, 19.700001, 83.699997, 250.0, 2.0, 0.0, 26795.0, 0.0, 23.0, 0.0, 0.0, 0.0, 65533.0, 0.0, 1.0 , 8.67, -4.07, 0.27, 26.13, 37.00, 16.23, 9.76, 101135.17, 0.17, -1.47
16:10:20.91,22.0, 26629.0, 203.0, 65.0, 19.700001, 83.699997, 0.0, 2.0, 0.0, 26795.0, 17.0, 23.0, 0.0, 0.0, 0.0, 65533.0, 0.0, 1.0 , 8.98, -4.16, -0.27, 26.12, 37.25, 16.23, 10.04, 101136.13, 0.17, -1.48
16:10:21.08,22.0, 26629.0, 203.0, 65.0, 19.700001, 83.699997, 0.0, 2.0, 0.0, 26795.0, 0.0, 23.0, 0.0, 0.0, 0.0, 65533.0, 0.0, 1.0 , 8.72, -4.09, -0.03, 26.13, 37.00, 16.25, 9.50, 101142.44, 0.16, -1.46
16:10:21.19,22.0, 26629.0, 203.0, 65.0, 19.700001, 83.699997, 0.0, 2.0, 0.0, 26795.0, 0.0, 23.0, 0.0, 0.0, 0.0, 65533.0, 0.0, 1.0 , 8.76, -4.11, -0.15, 26.12, 37.50, 16.23, 10.24, 101138.84, 0.17, -1.48
16:10:21.35,22.0, 26629.0, 203.0, 65.0, 19.700001, 83.699997, 0.0, 2.0, 0.0, 26795.0, 0.0, 23.0, 0.0, 0.0, 0.0, 65533.0, 0.0, 1.0 , 8.82, -3.98, -0.52, 26.13, 37.50, 16.23, 10.14, 101139.72, 0.17, -1.47
16:10:21.52,22.0, 26624.0, 205.0, 65.0, 19.700001, 83.699997, 250.0, 2.0, 0.0, 26795.0, 17.0, 23.0, 0.0, 0.0, 0.0, 65533.0, 0.0, 1.0 , 8.85, -4.09, -0.23, 26.13, 37.25, 16.24, 10.04, 101129.75, 0.18, -1.47
16:10:21.66,22.0, 26624.0, 205.0, 65.0, 19.700001, 83.699997, 250.0, 2.0, 0.0, 26795.0, 17.0, 23.0, 0.0, 0.0, 0.0, 65533.0, 0.0, 1.0 , 8.80, -4.13, -0.12, 26.13, 37.00, 16.23, 9.58, 101137.02, 0.17, -1.47
16:10:21.80,22.0, 26624.0, 205.0, 65.0, 19.700001, 83.699997, 250.0, 2.0, 0.0, 26795.0, 0.0, 23.0, 0.0, 0.0, 0.0, 65533.0, 0.0, 1.0 , 8.86, -4.12, -0.10, 26.13, 37.00, 16.24, 9.41, 101132.45, 0.17, -1.47
16:10:21.94,22.0, 26624.0, 205.0, 65.0, 19.700001, 83.699997, 0.0, 2.0, 0.0, 26795.0, 0.0, 23.0, 0.0, 0.0, 0.0, 65533.0, 0.0, 1.0 , 8.86, -4.15, -0.09, 26.13, 37.50, 16.24, 9.50, 101129.75, 0.18, -1.47
16:10:22.08,22.0, 26624.0, 205.0, 65.0, 19.700001, 83.699997, 250.0, 2.0, 0.0, 26795.0, 0.0, 23.0, 0.0, 0.0, 0.0, 65533.0, 0.0, 1.0 , 8.87, -4.22, 0.05, 26.14, 37.25, 16.23, 10.45, 101138.78, 0.17, -1.47
16:10:22.23,22.0, 26624.0, 205.0, 65.0, 19.700001, 83.699997, 0.0, 2.0, 0.0, 26795.0, 0.0, 23.0, 0.0, 0.0, 0.0, 65533.0, 0.0, 1.0 , 8.86, -4.15, -0.29, 26.13, 37.25, 16.23, 9.85, 101134.30, 0.17, -1.47
16:10:22.38,22.0, 26624.0, 205.0, 65.0, 19.700001, 83.699997, 0.0, 2.0, 0.0, 26795.0, 17.0, 23.0, 0.0, 0.0, 0.0, 65533.0, 0.0, 1.0 , 8.85, -4.14, -0.30, 26.13, 37.50, 16.24, 9.94, 101135.17, 0.17, -1.47
16:10:22.52,22.0, 26624.0, 205.0, 65.0, 19.700001, 83.699997, 0.0, 2.0, 0.0, 26795.0, 0.0, 23.0, 0.0, 0.0, 0.0, 65533.0, 0.0, 1.0 , 8.85, -4.24, 0.25, 26.13, 36.75, 16.23, 9.50, 101127.03, 0.18, -1.47
16:10:22.67,22.0, 26624.0, 205.0, 65.0, 19.700001, 83.699997, 0.0, 2.0, 0.0, 26795.0, 0.0, 23.0, 0.0, 0.0, 0.0, 65533.0, 0.0, 1.0 , 8.94, -4.06, -0.24, 26.13, 37.75, 16.24, 9.94, 101135.17, 0.17, -1.47
16:10:22.81,22.0, 26627.0, 205.0, 65.0, 19.700001, 83.699997, 0.0, 2.0, 0.0, 26795.0, 0.0, 23.0, 0.0, 0.0, 0.0, 65533.0, 0.0, 1.0 , 8.65, -3.96, -0.35, 26.13, 37.75, 16.24, 9.94, 101139.72, 0.17, -1.47
16:10:22.95,22.0, 26627.0, 205.0, 65.0, 19.700001, 83.699997, 0.0, 2.0, 0.0, 26795.0, 0.0, 23.0, 0.0, 0.0, 0.0, 65533.0, 0.0, 1.0 , 8.62, -4.21, 0.17, 26.13, 36.75, 16.24, 10.57, 101134.30, 0.17, -1.47
16:10:23.09,22.0, 26627.0, 205.0, 65.0, 19.700001, 83.699997, 0.0, 2.0, 0.0, 26795.0, 0.0, 23.0, 0.0, 0.0, 0.0, 65533.0, 0.0, 1.0 , 8.80, -4.09, -0.26, 26.13, 37.50, 16.23, 9.85, 101135.17, 0.17, -1.47
16:10:23.23,22.0, 26627.0, 205.0, 65.0, 19.700001, 83.699997, 0.0, 2.0, 0.0, 26795.0, 0.0, 23.0, 0.0, 0.0, 0.0, 65533.0, 0.0, 1.0 , 8.85, -4.13, -0.15, 26.13, 36.75, 16.23, 9.85, 101137.89, 0.17, -1.47
16:10:23.37,22.0, 26627.0, 205.0, 65.0, 19.700001, 83.699997, 250.0, 2.0, 0.0, 26795.0, 0.0, 23.0, 0.0, 0.0, 0.0, 65533.0, 0.0, 1.0 , 8.81, -4.17, 0.31, 26.14, 37.00, 16.23, 10.14, 101138.78, 0.17, -1.47
16:10:23.53,22.0, 26627.0, 205.0, 65.0, 19.700001, 83.699997, 0.0, 2.0, 0.0, 26795.0, 0.0, 23.0, 0.0, 0.0, 0.0, 65533.0, 0.0, 1.0 , 8.77, -4.22, -0.27, 26.13, 37.50, 16.24, 9.58, 101137.89, 0.17, -1.47
16:10:23.68,22.0, 26627.0, 205.0, 65.0, 19.700001, 83.699997, 0.0, 2.0, 0.0, 26795.0, 0.0, 23.0, 0.0, 0.0, 0.0, 65533.0, 0.0, 1.0 , 8.83, -4.08, -0.18, 26.14, 36.75, 16.23, 10.24, 101139.66, 0.17, -1.47
16:10:23.82,22.0, 26627.0, 205.0, 65.0, 19.700001, 83.699997, 0.0, 2.0, 0.0, 26795.0, 17.0, 23.0, 0.0, 0.0, 0.0, 65533.0, 0.0, 1.0 , 8.80, -4.15, -0.32, 26.13, 36.50, 16.23, 9.50, 101139.72, 0.17, -1.47
16:10:24.00,22.0, 26625.0, 205.0, 65.0, 19.700001, 83.699997, 250.0, 2.0, 0.0, 26795.0, 0.0, 23.0, 0.0, 0.0, 0.0, 65533.0, 0.0, 1.0 , 8.73, -4.14, 0.10, 26.13, 36.75, 16.24, 10.68, 101135.17, 0.17, -1.47
16:10:24.12,22.0, 26625.0, 205.0, 65.0, 19.700001, 83.699997, 0.0, 2.0, 0.0, 26795.0, 17.0, 23.0, 0.0, 0.0, 0.0, 65533.0, 0.0, 1.0 , 8.78, -4.06, -0.49, 26.14, 37.25, 16.24, 9.85, 101127.91, 0.18, -1.46
16:10:24.28,22.0, 26625.0, 205.0, 65.0, 19.700001, 83.699997, 0.0, 2.0, 0.0, 26795.0, 0.0, 23.0, 0.0, 0.0, 0.0, 65533.0, 0.0, 1.0 , 8.85, -4.13, -0.13, 26.14, 36.75, 16.24, 10.04, 101138.78, 0.17, -1.46
16:10:24.42,22.0, 26625.0, 205.0, 65.0, 19.700001, 83.699997, 250.0, 2.0, 0.0, 26795.0, 0.0, 23.0, 0.0, 0.0, 0.0, 65533.0, 0.0, 1.0 , 8.81, -4.27, -0.14, 26.14, 37.50, 16.23, 9.76, 101138.78, 0.17, -1.47
16:10:24.56,22.0, 26625.0, 205.0, 65.0, 19.700001, 83.699997, 0.0, 2.0, 0.0, 26795.0, 0.0, 23.0, 0.0, 0.0, 0.0, 65533.0, 0.0, 1.0 , 8.82, -4.13, -0.14, 26.13, 37.00, 16.23, 10.45, 101137.02, 0.17, -1.47
16:10:24.69,22.0, 26625.0, 205.0, 65.0, 19.700001, 83.699997, 0.0, 2.0, 0.0, 26795.0, 0.0, 23.0, 0.0, 0.0, 0.0, 65533.0, 0.0, 1.0 , 8.78, -4.18, -0.51, 26.13, 37.25, 16.24, 10.45, 101132.45, 0.17, -1.47
16:10:24.83,22.0, 26625.0, 205.0, 65.0, 19.700001, 83.699997, 0.0, 2.0, 0.0, 26795.0, 0.0, 23.0, 0.0, 0.0, 0.0, 65533.0, 0.0, 1.0 , 8.90, -4.17, 0.32, 26.14, 37.50, 16.23, 10.45, 101136.06, 0.17, -1.47
16:10:24.97,22.0, 26625.0, 205.0, 65.0, 19.700001, 83.699997, 0.0, 2.0, 0.0, 26795.0, 0.0, 23.0, 0.0, 0.0, 0.0, 65533.0, 0.0, 1.0 , 8.84, -4.12, -0.09, 26.14, 36.50, 16.23, 9.41, 101136.06, 0.17, -1.47
16:10:25.14,22.0, 26626.0, 210.0, 65.0, 19.700001, 83.699997, 0.0, 2.0, 0.0, 26795.0, 0.0, 23.0, 0.0, 0.0, 0.0, 65533.0, 0.0, 1.0 , 8.81, -3.99, -0.51, 26.15, 37.25, 16.22, 10.04, 101140.58, 0.17, -1.47
16:10:25.27,22.0, 26626.0, 210.0, 65.0, 19.700001, 83.699997, 0.0, 2.0, 0.0, 26795.0, 0.0, 23.0, 0.0, 0.0, 0.0, 65533.0, 0.0, 1.0 , 9.03, -4.25, 0.23, 26.14, 36.75, 16.23, 9.67, 101138.78, 0.17, -1.47
16:10:25.41,22.0, 26626.0, 210.0, 65.0, 19.700001, 83.699997, 0.0, 2.0, 0.0, 26795.0, 0.0, 23.0, 0.0, 0.0, 0.0, 65533.0, 0.0, 1.0 , 8.89, -4.10, -0.48, 26.14, 37.50, 16.23, 10.24, 101138.78, 0.17, -1.47
16:10:25.57,22.0, 26626.0, 210.0, 65.0, 19.700001, 83.699997, 0.0, 2.0, 0.0, 26795.0, 0.0, 23.0, 0.0, 0.0, 0.0, 65533.0, 0.0, 1.0 , 8.81, -4.15, -0.02, 26.14, 36.50, 16.23, 9.58, 101136.94, 0.17, -1.47
16:10:25.73,22.0, 26626.0, 210.0, 65.0, 19.700001, 83.699997, 250.0, 2.0, 0.0, 26795.0, 0.0, 23.0, 0.0, 0.0, 0.0, 65533.0, 0.0, 1.0 , 8.69, -4.14, -0.27, 26.14, 37.25, 16.24, 10.24, 101138.78, 0.17, -1.46
16:10:25.88,22.0, 26626.0, 210.0, 65.0, 19.700001, 83.699997, 250.0, 2.0, 0.0, 26795.0, 0.0, 23.0, 0.0, 0.0, 0.0, 65533.0, 0.0, 1.0 , 8.76, -4.11, -0.08, 26.15, 37.25, 16.23, 10.35, 101132.42, 0.17, -1.46
16:10:26.02,22.0, 26626.0, 210.0, 65.0, 19.700001, 83.699997, 0.0, 2.0, 0.0, 26795.0, 0.0, 23.0, 0.0, 0.0, 0.0, 65533.0, 0.0, 1.0 , 8.75, -4.07, -0.36, 26.13, 37.75, 16.24, 9.67, 101132.45, 0.17, -1.47
16:10:26.17,22.0, 26626.0, 210.0, 65.0, 19.700001, 83.699997, 0.0, 2.0, 0.0, 26795.0, 0.0, 23.0, 0.0, 0.0, 0.0, 65533.0, 0.0, 1.0 , 8.83, -4.26, -0.04, 26.14, 37.25, 16.23, 9.85, 101136.06, 0.17, -1.47
16:10:26.31,22.0, 26623.0, 205.0, 65.0, 19.700001, 83.699997, 0.0, 2.0, 0.0, 26795.0, 0.0, 23.0, 0.0, 0.0, 0.0, 65533.0, 0.0, 1.0 , 8.67, -3.99, -0.08, 26.14, 36.75, 16.23, 10.35, 101142.37, 0.16, -1.47
16:10:26.45,22.0, 26623.0, 205.0, 65.0, 19.700001, 83.699997, 0.0, 2.0, 0.0, 26795.0, 0.0, 23.0, 0.0, 0.0, 0.0, 65533.0, 0.0, 1.0 , 8.86, -4.11, -0.47, 26.14, 37.75, 16.22, 10.68, 101133.34, 0.17, -1.48
16:10:26.61,22.0, 26623.0, 205.0, 65.0, 19.700001, 83.699997, 250.0, 2.0, 0.0, 26795.0, 0.0, 23.0, 0.0, 0.0, 0.0, 65533.0, 0.0, 1.0 , 8.85, -4.13, -0.16, 26.14, 36.75, 16.21, 9.76, 101133.34, 0.17, -1.48
16:10:26.76,22.0, 26623.0, 205.0, 65.0, 19.700001, 83.699997, 250.0, 2.0, 0.0, 26795.0, 0.0, 23.0, 0.0, 0.0, 0.0, 65533.0, 0.0, 1.0 , 8.80, -4.04, -0.10, 26.14, 37.00, 16.22, 10.04, 101136.94, 0.17, -1.48
16:10:26.91,22.0, 26623.0, 205.0, 65.0, 19.700001, 83.699997, 250.0, 2.0, 0.0, 26795.0, 0.0, 23.0, 0.0, 0.0, 0.0, 65533.0, 0.0, 1.0 , 8.55, -4.11, 0.21, 26.14, 37.25, 16.22, 9.94, 101134.23, 0.17, -1.48
16:10:27.05,22.0, 26623.0, 205.0, 65.0, 19.700001, 83.699997, 0.0, 2.0, 0.0, 26795.0, 17.0, 23.0, 0.0, 0.0, 0.0, 65533.0, 0.0, 1.0 , 8.80, -4.12, -0.15, 26.14, 37.25, 16.22, 9.94, 101136.94, 0.17, -1.48
16:10:27.23,22.0, 26623.0, 205.0, 65.0, 19.700001, 83.699997, 250.0, 2.0, 0.0, 26795.0, 0.0, 23.0, 0.0, 0.0, 0.0, 65533.0, 0.0, 1.0 , 8.84, -4.14, -0.01, 26.14, 37.25, 16.23, 9.76, 101134.23, 0.17, -1.47
16:10:27.36,22.0, 26623.0, 205.0, 65.0, 19.700001, 83.699997, 250.0, 2.0, 0.0, 26795.0, 35.0, 23.0, 0.0, 0.0, 0.0, 65533.0, 0.0, 1.0 , 8.79, -4.20, -0.53, 26.13, 37.00, 16.22, 10.14, 101135.17, 0.17, -1.48
16:10:27.50,22.0, 26625.0, 205.0, 65.0, 19.700001, 83.699997, 250.0, 2.0, 0.0, 26795.0, 0.0, 23.0, 0.0, 0.0, 0.0, 65533.0, 0.0, 1.0 , 9.06, -4.12, -0.06, 26.14, 37.50, 16.22, 9.85, 101136.94, 0.17, -1.48
16:10:27.65,22.0, 26625.0, 205.0, 65.0, 19.700001, 83.699997, 0.0, 2.0, 0.0, 26795.0, 17.0, 23.0, 0.0, 0.0, 0.0, 65533.0, 0.0, 1.0 , 8.76, -4.19, -0.06, 26.14, 36.50, 16.22, 9.94, 101131.52, 0.17, -1.48
16:10:27.80,22.0, 26625.0, 205.0, 65.0, 19.700001, 83.699997, 0.0, 2.0, 0.0, 26795.0, 0.0, 23.0, 0.0, 0.0, 0.0, 65533.0, 0.0, 1.0 , 8.74, -4.15, -0.18, 26.14, 37.00, 16.22, 10.14, 101133.34, 0.17, -1.48
16:10:27.96,22.0, 26625.0, 205.0, 65.0, 19.700001, 83.699997, 0.0, 2.0, 0.0, 26795.0, 0.0, 23.0, 0.0, 0.0, 0.0, 65533.0, 0.0, 1.0 , 9.12, -4.16, -0.20, 26.14, 37.00, 16.22, 9.67, 101133.34, 0.17, -1.48
16:10:28.10,22.0, 26625.0, 205.0, 65.0, 19.700001, 83.699997, 250.0, 2.0, 0.0, 26795.0, 0.0, 23.0, 0.0, 0.0, 0.0, 65533.0, 0.0, 1.0 , 8.86, -4.03, 0.04, 26.15, 37.00, 16.22, 10.14, 101136.03, 0.17, -1.47
16:10:28.24,22.0, 26625.0, 205.0, 65.0, 19.700001, 83.699997, 0.0, 2.0, 0.0, 26795.0, 0.0, 23.0, 0.0, 0.0, 0.0, 65533.0, 0.0, 1.0 , 8.99, -4.30, -0.18, 26.15, 37.50, 16.25, 10.04, 101135.14, 0.17, -1.44
