18:45:05.24,23.0, 27248.0, 193.0, 71.0, 21.799999, 92.900002, 500.0, 2.0, 0.0, 27485.0, 0.0, 27.0, 0.0, 0.0, 0.0, 0.0, 0.0, 1.0 , 8.99, -3.76, -0.02, 26.41, 30.50, 21.31, 5.77, 101591.52, -0.24, 2.53
18:45:05.35,23.0, 27248.0, 193.0, 71.0, 21.799999, 92.900002, 500.0, 2.0, 0.0, 27370.0, 0.0, 27.0, 0.0, 0.0, 0.0, 0.0, 0.0, 1.0 , 9.06, -3.96, -0.55, 26.42, 31.00, 21.30, 5.69, 101596.84, -0.24, 2.53
18:45:05.46,23.0, 27249.0, 193.0, 71.0, 21.799999, 92.900002, 500.0, 2.0, 0.0, 27370.0, 17.0, 27.0, 0.0, 0.0, 0.0, 0.0, 0.0, 1.0 , 9.11, -3.75, -0.24, 26.41, 31.00, 21.31, 5.65, 101592.38, -0.24, 2.53
18:45:05.57,23.0, 27249.0, 193.0, 71.0, 21.799999, 92.900002, 500.0, 2.0, 0.0, 27370.0, 17.0, 27.0, 0.0, 0.0, 0.0, 0.0, 0.0, 1.0 , 9.09, -3.87, -0.17, 26.42, 30.75, 21.31, 5.75, 101590.50, -0.24, 2.54
18:45:05.68,23.0, 27249.0, 193.0, 71.0, 21.799999, 92.900002, 500.0, 2.0, 0.0, 27370.0, 0.0, 27.0, 0.0, 0.0, 0.0, 0.0, 0.0, 1.0 , 9.13, -3.84, -0.27, 26.41, 30.75, 21.30, 5.69, 101592.38, -0.24, 2.52
18:45:05.78,23.0, 27249.0, 193.0, 71.0, 21.799999, 92.900002, 500.0, 2.0, 0.0, 27370.0, 0.0, 27.0, 0.0, 0.0, 0.0, 0.0, 0.0, 1.0 , 9.16, -3.85, -0.13, 26.42, 30.50, 21.31, 5.82, 101590.50, -0.24, 2.54
18:45:05.89,23.0, 27249.0, 193.0, 71.0, 21.799999, 92.900002, 500.0, 2.0, 0.0, 27370.0, 17.0, 27.0, 0.0, 0.0, 0.0, 0.0, 0.0, 1.0 , 9.18, -3.92, -0.25, 26.42, 30.25, 21.31, 5.84, 101590.50, -0.24, 2.54
18:45:05.99,23.0, 27249.0, 193.0, 71.0, 21.799999, 92.900002, 500.0, 2.0, 0.0, 27370.0, 0.0, 27.0, 0.0, 0.0, 0.0, 0.0, 0.0, 1.0 , 9.15, -3.91, -0.22, 26.42, 30.50, 21.30, 5.71, 101590.50, -0.24, 2.53
18:45:06.10,23.0, 27249.0, 193.0, 71.0, 21.799999, 92.900002, 500.0, 2.0, 0.0, 27370.0, 0.0, 27.0, 0.0, 0.0, 0.0, 0.0, 0.0, 1.0 , 9.10, -3.75, -0.34, 26.42, 31.00, 21.31, 5.69, 101587.77, -0.24, 2.54
18:45:06.21,23.0, 27249.0, 193.0, 71.0, 21.799999, 92.900002, 500.0, 2.0, 0.0, 27370.0, 17.0, 27.0, 0.0, 0.0, 0.0, 0.0, 0.0, 1.0 , 9.03, -3.87, -0.19, 26.43, 30.75, 21.31, 5.82, 101592.22, -0.24, 2.55
18:45:06.32,23.0, 27249.0, 193.0, 71.0, 21.799999, 92.900002, 500.0, 2.0, 0.0, 27370.0, 17.0, 27.0, 0.0, 0.0, 0.0, 0.0, 0.0, 1.0 , 9.05, -3.87, -0.09, 26.41, 30.75, 21.31, 5.79, 101595.11, -0.24, 2.53
18:45:06.42,23.0, 27249.0, 193.0, 71.0, 21.799999, 92.900002, 500.0, 2.0, 0.0, 27370.0, 0.0, 27.0, 0.0, 0.0, 0.0, 0.0, 0.0, 1.0 , 9.11, -3.90, -0.16, 26.41, 30.75, 21.32, 5.71, 101586.91, -0.24, 2.54
18:45:06.52,23.0, 27249.0, 193.0, 71.0, 21.799999, 92.900002, 500.0, 2.0, 0.0, 27370.0, 17.0, 27.0, 0.0, 0.0, 0.0, 0.0, 0.0, 1.0 , 9.02, -3.80, 0.00, 26.42, 30.75, 21.30, 5.82, 101585.88, -0.23, 2.53
18:45:06.62,23.0, 27249.0, 193.0, 71.0, 21.799999, 92.900002, 500.0, 2.0, 0.0, 27370.0, 0.0, 27.0, 0.0, 0.0, 0.0, 0.0, 0.0, 1.0 , 9.04, -3.92, -0.36, 26.42, 30.50, 21.31, 5.59, 101588.63, -0.24, 2.54
18:45:06.74,23.0, 27244.0, 233.0, 71.0, 21.799999, 92.900002, 500.0, 2.0, 0.0, 27370.0, 35.0, 27.0, 0.0, 0.0, 0.0, 0.0, 0.0, 1.0 , 8.94, -3.80, 0.09, 26.42, 30.50, 21.32, 5.71, 101585.02, -0.23, 2.54
18:45:06.84,23.0, 27244.0, 233.0, 71.0, 21.799999, 92.900002, 500.0, 2.0, 0.0, 27370.0, 0.0, 27.0, 0.0, 0.0, 0.0, 0.0, 0.0, 1.0 , 9.15, -3.82, -0.24, 26.42, 30.25, 21.30, 5.82, 101599.58, -0.25, 2.53
18:45:06.94,23.0, 27244.0, 233.0, 71.0, 21.799999, 92.900002, 500.0, 2.0, 0.0, 27370.0, 0.0, 27.0, 0.0, 0.0, 0.0, 0.0, 0.0, 1.0 , 9.24, -3.89, -0.17, 26.42, 30.50, 21.30, 5.67, 101599.58, -0.25, 2.53
18:45:07.05,23.0, 27244.0, 233.0, 71.0, 21.799999, 92.900002, 500.0, 2.0, 0.0, 27370.0, 0.0, 27.0, 0.0, 0.0, 0.0, 0.0, 0.0, 1.0 , 9.14, -3.85, -0.15, 26.42, 30.75, 21.30, 5.71, 101593.23, -0.24, 2.53
18:45:07.16,23.0, 27244.0, 233.0, 71.0, 21.799999, 92.900002, 500.0, 2.0, 0.0, 27370.0, 0.0, 27.0, 0.0, 0.0, 0.0, 0.0, 0.0, 1.0 , 9.12, -3.82, -0.22, 26.42, 30.25, 21.30, 5.67, 101591.36, -0.24, 2.53
18:45:07.26,23.0, 27244.0, 233.0, 71.0, 21.799999, 92.900002, 500.0, 2.0, 0.0, 27370.0, 17.0, 27.0, 0.0, 0.0, 0.0, 0.0, 0.0, 1.0 , 9.16, -3.83, -0.46, 26.42, 30.50, 21.31, 5.65, 101598.72, -0.25, 2.54
18:45:07.36,23.0, 27244.0, 233.0, 71.0, 21.799999, 92.900002, 500.0, 2.0, 0.0, 27370.0, 0.0, 27.0, 0.0, 0.0, 0.0, 0.0, 0.0, 1.0 , 9.16, -3.87, -0.18, 26.42, 30.50, 21.31, 5.77, 101593.23, -0.24, 2.54
18:45:07.47,23.0, 27244.0, 233.0, 71.0, 21.799999, 92.900002, 500.0, 2.0, 0.0, 27370.0, 0.0, 27.0, 0.0, 0.0, 0.0, 0.0, 0.0, 1.0 , 9.19, -3.89, -0.31, 26.41, 30.75, 21.31, 5.79, 101595.11, -0.24, 2.53
18:45:07.58,23.0, 27244.0, 233.0, 71.0, 21.799999, 92.900002, 500.0, 2.0, 0.0, 27370.0, 0.0, 27.0, 0.0, 0.0, 0.0, 0.0, 0.0, 1.0 , 8.93, -3.93, -0.44, 26.42, 30.75, 21.31, 5.86, 101595.98, -0.24, 2.54
18:45:07.68,23.0, 27244.0, 233.0, 71.0, 21.799999, 92.900002, 500.0, 2.0, 0.0, 27370.0, 0.0, 27.0, 0.0, 0.0, 0.0, 0.0, 0.0, 1.0 , 8.94, -3.85, -0.21, 26.42, 30.50, 21.31, 5.71, 101593.23, -0.24, 2.54
18:45:07.78,23.0, 27244.0, 233.0, 71.0, 21.799999, 92.900002, 500.0, 2.0, 0.0, 27370.0, 0.0, 27.0, 0.0, 0.0, 0.0, 0.0, 0.0, 1.0 , 9.12, -3.86, -0.16, 26.42, 30.50, 21.31, 5.79, 101595.98, -0.24, 2.54
18:45:07.90,23.0, 27247.0, 233.0, 71.0, 21.799999, 92.900002, 500.0, 2.0, 0.0, 27370.0, 0.0, 27.0, 0.0, 0.0, 0.0, 0.0, 0.0, 1.0 , 9.14, -3.88, -0.18, 26.42, 30.50, 21.32, 5.67, 101591.36, -0.24, 2.54
18:45:08.01,23.0, 27247.0, 233.0, 71.0, 21.799999, 92.900002, 500.0, 2.0, 0.0, 27370.0, 0.0, 27.0, 0.0, 0.0, 0.0, 0.0, 0.0, 1.0 , 9.11, -3.86, -0.17, 26.41, 30.50, 21.33, 5.84, 101589.64, -0.24, 2.54
18:45:08.11,23.0, 27247.0, 233.0, 71.0, 21.799999, 92.900002, 500.0, 2.0, 0.0, 27370.0, 0.0, 27.0, 0.0, 0.0, 0.0, 0.0, 0.0, 1.0 , 9.14, -3.88, -0.22, 26.42, 30.25, 21.31, 5.79, 101588.63, -0.24, 2.54
18:45:08.23,23.0, 27247.0, 233.0, 71.0, 21.799999, 92.900002, 500.0, 2.0, 0.0, 27370.0, 0.0, 27.0, 0.0, 0.0, 0.0, 0.0, 0.0, 1.0 , 9.18, -3.92, -0.38, 26.42, 30.25, 21.32, 5.75, 101593.23, -0.24, 2.54
18:45:08.32,23.0, 27247.0, 233.0, 71.0, 21.799999, 92.900002, 500.0, 2.0, 0.0, 27370.0, 0.0, 27.0, 0.0, 0.0, 0.0, 0.0, 0.0, 1.0 , 9.15, -3.97, -0.17, 26.42, 30.25, 21.31, 5.77, 101590.50, -0.24, 2.54
18:45:08.43,23.0, 27247.0, 233.0, 71.0, 21.799999, 92.900002, 500.0, 2.0, 0.0, 27370.0, 0.0, 27.0, 0.0, 0.0, 0.0, 0.0, 0.0, 1.0 , 8.99, -3.79, -0.29, 26.42, 30.25, 21.31, 5.71, 101599.58, -0.25, 2.54
18:45:08.53,23.0, 27247.0, 233.0, 71.0, 21.799999, 92.900002, 500.0, 2.0, 0.0, 27370.0, 0.0, 27.0, 0.0, 0.0, 0.0, 0.0, 0.0, 1.0 , 9.17, -3.86, -0.44, 26.42, 30.25, 21.31, 5.71, 101590.50, -0.24, 2.54
18:45:08.64,23.0, 27247.0, 233.0, 71.0, 21.799999, 92.900002, 500.0, 2.0, 0.0, 27370.0, 0.0, 27.0, 0.0, 0.0, 0.0, 0.0, 0.0, 1.0 , 9.14, -3.87, -0.25, 26.43, 30.25, 21.31, 5.71, 101594.96, -0.24, 2.55
18:45:08.74,23.0, 27247.0, 233.0, 71.0, 21.799999, 92.900002, 500.0, 2.0, 0.0, 27370.0, 0.0, 27.0, 0.0, 0.0, 0.0, 0.0, 0.0, 1.0 , 9.28, -3.88, -0.26, 26.42, 30.25, 21.32, 5.69, 101599.58, -0.25, 2.54
18:45:08.85,23.0, 27247.0, 233.0, 71.0, 21.799999, 92.900002, 500.0, 2.0, 0.0, 27370.0, 0.0, 27.0, 0.0, 0.0, 0.0, 0.0, 0.0, 1.0 , 9.25, -3.88, -0.10, 26.43, 30.25, 21.31, 5.73, 101592.22, -0.24, 2.55
18:45:08.95,23.0, 27247.0, 233.0, 71.0, 21.799999, 92.900002, 500.0, 2.0, 0.0, 27370.0, 0.0, 27.0, 0.0, 0.0, 0.0, 0.0, 0.0, 1.0 , 9.02, -3.85, -0.12, 26.43, 30.75, 21.32, 5.65, 101600.44, -0.25, 2.55
18:45:09.07,23.0, 27244.0, 231.0, 71.0, 21.799999, 92.900002, 500.0, 2.0, 0.0, 27370.0, 17.0, 27.0, 0.0, 0.0, 0.0, 0.0, 0.0, 1.0 , 8.90, -3.76, -0.13, 26.42, 30.75, 21.30, 5.84, 101587.77, -0.24, 2.53
18:45:09.18,23.0, 27244.0, 231.0, 71.0, 21.799999, 92.900002, 500.0, 2.0, 0.0, 27370.0, 0.0, 27.0, 0.0, 0.0, 0.0, 0.0, 0.0, 1.0 , 9.31, -3.87, -0.41, 26.43, 30.50, 21.31, 5.67, 101597.70, -0.25, 2.55
18:45:09.28,23.0, 27244.0, 231.0, 71.0, 21.799999, 92.900002, 500.0, 2.0, 0.0, 27370.0, 0.0, 27.0, 0.0, 0.0, 0.0, 0.0, 0.0, 1.0 , 9.13, -3.85, -0.23, 26.42, 30.00, 21.31, 5.71, 101582.28, -0.23, 2.54
18:45:09.38,23.0, 27244.0, 231.0, 71.0, 21.799999, 92.900002, 500.0, 2.0, 0.0, 27370.0, 0.0, 27.0, 0.0, 0.0, 0.0, 0.0, 0.0, 1.0 , 9.12, -3.83, -0.39, 26.42, 30.75, 21.31, 5.84, 101585.88, -0.23, 2.54
18:45:09.49,23.0, 27244.0, 231.0, 71.0, 21.799999, 92.900002, 500.0, 2.0, 0.0, 27370.0, 17.0, 27.0, 0.0, 0.0, 0.0, 0.0, 0.0, 1.0 , 9.16, -3.81, -0.30, 26.43, 30.75, 21.30, 5.77, 101592.22, -0.24, 2.54
18:45:09.60,23.0, 27244.0, 231.0, 71.0, 21.799999, 92.900002, 500.0, 2.0, 0.0, 27370.0, 17.0, 27.0, 0.0, 0.0, 0.0, 0.0, 0.0, 1.0 , 9.24, -3.99, -0.11, 26.43, 30.75, 21.31, 5.71, 101594.96, -0.24, 2.55
18:45:09.70,23.0, 27244.0, 231.0, 71.0, 21.799999, 92.900002, 500.0, 2.0, 0.0, 27370.0, 0.0, 27.0, 0.0, 0.0, 0.0, 0.0, 0.0, 1.0 , 9.08, -3.88, -0.20, 26.42, 30.75, 21.31, 5.82, 101595.98, -0.24, 2.54
18:45:09.80,23.0, 27244.0, 231.0, 71.0, 21.799999, 92.900002, 500.0, 2.0, 0.0, 27370.0, 17.0, 27.0, 0.0, 0.0, 0.0, 0.0, 0.0, 1.0 , 9.14, -3.94, -0.41, 26.42, 30.75, 21.32, 5.75, 101587.77, -0.24, 2.54
18:45:09.91,23.0, 27244.0, 231.0, 71.0, 21.799999, 92.900002, 500.0, 2.0, 0.0, 27370.0, 0.0, 27.0, 0.0, 0.0, 0.0, 0.0, 0.0, 1.0 , 9.17, -3.78, -0.19, 26.42, 30.50, 21.32, 5.79, 101588.63, -0.24, 2.54
18:45:10.01,23.0, 27244.0, 231.0, 71.0, 21.799999, 92.900002, 500.0, 2.0, 0.0, 27370.0, 17.0, 27.0, 0.0, 0.0, 0.0, 0.0, 0.0, 1.0 , 9.15, -3.79, -0.34, 26.42, 30.50, 21.31, 5.69, 101594.09, -0.24, 2.54
18:45:10.11,23.0, 27244.0, 231.0, 71.0, 21.799999, 92.900002, 500.0, 2.0, 0.0, 27370.0, 0.0, 27.0, 0.0, 0.0, 0.0, 0.0, 0.0, 1.0 , 9.21, -3.88, 0.05, 26.42, 30.75, 21.31, 5.86, 101585.88, -0.23, 2.54
18:45:10.21,23.0, 27244.0, 231.0, 71.0, 21.799999, 92.900002, 500.0, 2.0, 0.0, 27370.0, 17.0, 27.0, 0.0, 0.0, 0.0, 0.0, 0.0, 1.0 , 9.17, -3.90, 0.02, 26.43, 30.75, 21.33, 5.71, 101586.75, -0.24, 2.56
18:45:10.32,23.0, 27246.0, 233.0, 71.0, 21.799999, 92.900002, 500.0, 2.0, 0.0, 27370.0, 17.0, 27.0, 0.0, 0.0, 0.0, 0.0, 0.0, 1.0 , 9.20, -3.76, -0.46, 26.43, 30.75, 21.32, 5.73, 101594.96, -0.24, 2.55
18:45:10.43,23.0, 27246.0, 233.0, 71.0, 21.799999, 92.900002, 500.0, 2.0, 0.0, 27370.0, 17.0, 27.0, 0.0, 0.0, 0.0, 0.0, 0.0, 1.0 , 9.14, -3.90, -0.22, 26.43, 30.75, 21.32, 5.63, 101592.22, -0.24, 2.55
18:45:10.54,23.0, 27246.0, 233.0, 71.0, 21.799999, 92.900002, 500.0, 2.0, 0.0, 27370.0, 0.0, 27.0, 0.0, 0.0, 0.0, 0.0, 0.0, 1.0 , 9.09, -3.87, -0.51, 26.43, 30.75, 21.32, 5.73, 101592.22, -0.24, 2.55
18:45:10.64,23.0, 27246.0, 233.0, 71.0, 21.799999, 92.900002, 500.0, 2.0, 0.0, 27370.0, 17.0, 27.0, 0.0, 0.0, 0.0, 0.0, 0.0, 1.0 , 9.11, -3.81, -0.26, 26.42, 30.75, 21.32, 5.69, 101596.84, -0.24, 2.54
18:45:10.75,23.0, 27246.0, 233.0, 71.0, 21.799999, 92.900002, 500.0, 2.0, 0.0, 27370.0, 17.0, 27.0, 0.0, 0.0, 0.0, 0.0, 0.0, 1.0 , 9.22, -3.88, -0.56, 26.43, 30.50, 21.31, 5.79, 101594.96, -0.24, 2.55
18:45:10.86,23.0, 27246.0, 233.0, 71.0, 21.799999, 92.900002, 500.0, 2.0, 0.0, 27370.0, 0.0, 27.0, 0.0, 0.0, 0.0, 0.0, 0.0, 1.0 , 9.09, -3.95, 0.07, 26.43, 30.25, 21.32, 5.75, 101594.96, -0.24, 2.55
18:45:10.96,23.0, 27246.0, 233.0, 71.0, 21.799999, 92.900002, 500.0, 2.0, 0.0, 27370.0, 0.0, 27.0, 0.0, 0.0, 0.0, 0.0, 0.0, 1.0 , 9.20, -3.81, -0.47, 26.42, 30.50, 21.31, 5.65, 101591.36, -0.24, 2.54
18:45:11.07,23.0, 27246.0, 233.0, 71.0, 21.799999, 92.900002, 500.0, 2.0, 0.0, 27370.0, 0.0, 27.0, 0.0, 0.0, 0.0, 0.0, 0.0, 1.0 , 9.25, -3.93, -0.18, 26.43, 30.75, 21.31, 5.63, 101592.22, -0.24, 2.55
18:45:11.18,23.0, 27246.0, 233.0, 71.0, 21.799999, 92.900002, 500.0, 2.0, 0.0, 27370.0, 17.0, 27.0, 0.0, 0.0, 0.0, 0.0, 0.0, 1.0 , 9.10, -3.77, -0.17, 26.42, 30.75, 21.32, 5.82, 101588.63, -0.24, 2.54
18:45:11.28,23.0, 27246.0, 233.0, 71.0, 21.799999, 92.900002, 500.0, 2.0, 0.0, 27370.0, 35.0, 27.0, 0.0, 0.0, 0.0, 0.0, 0.0, 1.0 , 9.14, -3.88, -0.19, 26.42, 30.75, 21.31, 5.75, 101591.36, -0.24, 2.54
18:45:11.38,23.0, 27246.0, 233.0, 71.0, 21.799999, 92.900002, 500.0, 2.0, 0.0, 27370.0, 0.0, 27.0, 0.0, 0.0, 0.0, 0.0, 0.0, 1.0 , 9.11, -3.84, -0.28, 26.42, 30.50, 21.31, 5.75, 101587.77, -0.24, 2.54
18:45:11.49,23.0, 27241.0, 234.0, 71.0, 21.799999, 92.900002, 500.0, 2.0, 0.0, 27370.0, 17.0, 27.0, 0.0, 0.0, 0.0, 0.0, 0.0, 1.0 , 9.18, -3.75, -0.01, 26.42, 30.25, 21.32, 5.77, 101585.88, -0.23, 2.54
18:45:11.59,23.0, 27241.0, 234.0, 71.0, 21.799999, 92.900002, 500.0, 2.0, 0.0, 27370.0, 0.0, 27.0, 0.0, 0.0, 0.0, 0.0, 0.0, 1.0 , 9.20, -3.92, -0.26, 26.42, 30.25, 21.31, 5.69, 101594.09, -0.24, 2.54
18:45:11.69,23.0, 27241.0, 234.0, 71.0, 21.799999, 92.900002, 250.0, 2.0, 0.0, 27370.0, 17.0, 27.0, 0.0, 0.0, 0.0, 0.0, 0.0, 1.0 , 8.84, -3.76, 0.06, 26.43, 30.50, 21.32, 5.69, 101598.56, -0.25, 2.55
18:45:11.79,23.0, 27241.0, 234.0, 71.0, 21.799999, 92.900002, 500.0, 2.0, 0.0, 27370.0, 0.0, 27.0, 0.0, 0.0, 0.0, 0.0, 0.0, 1.0 , 9.11, -3.88, -0.24, 26.43, 30.50, 21.32, 5.67, 101586.75, -0.24, 2.55
18:45:11.90,23.0, 27241.0, 234.0, 71.0, 21.799999, 92.900002, 500.0, 2.0, 0.0, 27370.0, 35.0, 27.0, 0.0, 0.0, 0.0, 0.0, 0.0, 1.0 , 9.24, -3.92, -0.25, 26.43, 30.75, 21.31, 5.77, 101592.22, -0.24, 2.55
18:45:12.00,23.0, 27241.0, 234.0, 71.0, 21.799999, 92.900002, 500.0, 2.0, 0.0, 27370.0, 0.0, 27.0, 0.0, 0.0, 0.0, 0.0, 0.0, 1.0 , 9.34, -3.90, -0.26, 26.41, 30.50, 21.31, 5.65, 101586.91, -0.24, 2.53
18:45:12.11,23.0, 27241.0, 234.0, 71.0, 21.799999, 92.900002, 500.0, 2.0, 0.0, 27370.0, 0.0, 27.0, 0.0, 0.0, 0.0, 0.0, 0.0, 1.0 , 9.14, -3.76, -0.06, 26.42, 30.50, 21.32, 5.75, 101587.77, -0.24, 2.54
18:45:12.22,23.0, 27241.0, 234.0, 71.0, 21.799999, 92.900002, 500.0, 2.0, 0.0, 27370.0, 0.0, 27.0, 0.0, 0.0, 0.0, 0.0, 0.0, 1.0 , 9.07, -3.87, -0.17, 26.42, 30.25, 21.31, 5.71, 101588.63, -0.24, 2.54
18:45:12.32,23.0, 27241.0, 234.0, 71.0, 21.799999, 92.900002, 500.0, 2.0, 0.0, 27370.0, 0.0, 27.0, 0.0, 0.0, 0.0, 0.0, 0.0, 1.0 , 9.13, -3.89, -0.25, 26.42, 30.25, 21.31, 5.69, 101588.63, -0.24, 2.54
18:45:12.42,23.0, 27241.0, 234.0, 71.0, 21.799999, 92.900002, 500.0, 2.0, 0.0, 27370.0, 0.0, 27.0, 0.0, 0.0, 0.0, 0.0, 0.0, 1.0 , 9.14, -3.91, -0.18, 26.43, 30.25, 21.31, 5.84, 101586.75, -0.24, 2.55
18:45:12.53,23.0, 27241.0, 234.0, 71.0, 21.799999, 92.900002, 500.0, 2.0, 0.0, 27370.0, 0.0, 27.0, 0.0, 0.0, 0.0, 0.0, 0.0, 1.0 , 9.13, -3.83, -0.45, 26.42, 30.25, 21.32, 5.65, 101594.09, -0.24, 2.54
18:45:12.63,23.0, 27241.0, 234.0, 71.0, 21.799999, 92.900002, 500.0, 2.0, 0.0, 27370.0, 0.0, 27.0, 0.0, 0.0, 0.0, 0.0, 0.0, 1.0 , 9.18, -3.87, -0.44, 26.42, 30.00, 21.31, 5.79, 101588.63, -0.24, 2.54
18:45:12.73,23.0, 27242.0, 233.0, 71.0, 21.799999, 92.900002, 500.0, 2.0, 0.0, 27370.0, 0.0, 27.0, 0.0, 0.0, 0.0, 0.0, 0.0, 1.0 , 9.18, -3.88, -0.38, 26.42, 30.25, 21.31, 5.69, 101599.58, -0.25, 2.54
18:45:12.84,23.0, 27242.0, 233.0, 71.0, 21.799999, 92.900002, 500.0, 2.0, 0.0, 27370.0, 0.0, 27.0, 0.0, 0.0, 0.0, 0.0, 0.0, 1.0 , 9.10, -3.84, 0.06, 26.42, 30.75, 21.31, 5.91, 101580.41, -0.23, 2.54
18:45:12.94,23.0, 27242.0, 233.0, 71.0, 21.799999, 92.900002, 500.0, 2.0, 0.0, 27370.0, 0.0, 27.0, 0.0, 0.0, 0.0, 0.0, 0.0, 1.0 , 9.17, -3.84, -0.20, 26.43, 30.50, 21.31, 5.67, 101595.82, -0.24, 2.55
18:45:13.04,23.0, 27242.0, 233.0, 71.0, 21.799999, 92.900002, 500.0, 2.0, 0.0, 27370.0, 0.0, 27.0, 0.0, 0.0, 0.0, 0.0, 0.0, 1.0 , 9.22, -3.90, -0.07, 26.43, 30.25, 21.31, 5.73, 101590.34, -0.24, 2.55
18:45:13.15,23.0, 27242.0, 233.0, 71.0, 21.799999, 92.900002, 500.0, 2.0, 0.0, 27370.0, 17.0, 27.0, 0.0, 0.0, 0.0, 0.0, 0.0, 1.0 , 9.09, -3.86, 0.15, 26.42, 30.25, 21.33, 5.63, 101588.63, -0.24, 2.55
18:45:13.25,23.0, 27242.0, 233.0, 71.0, 21.799999, 92.900002, 500.0, 2.0, 0.0, 27370.0, 35.0, 27.0, 0.0, 0.0, 0.0, 0.0, 0.0, 1.0 , 9.16, -3.98, 0.10, 26.43, 30.25, 21.32, 5.71, 101593.08, -0.24, 2.55
18:45:13.36,23.0, 27242.0, 233.0, 71.0, 21.799999, 92.900002, 500.0, 2.0, 0.0, 27370.0, 35.0, 27.0, 0.0, 0.0, 0.0, 0.0, 0.0, 1.0 , 9.24, -3.93, -0.35, 26.43, 30.50, 21.31, 5.84, 101589.48, -0.24, 2.55
18:45:13.47,23.0, 27242.0, 233.0, 71.0, 21.799999, 92.900002, 500.0, 2.0, 0.0, 27370.0, 0.0, 27.0, 0.0, 0.0, 0.0, 0.0, 0.0, 1.0 , 9.19, -3.89, -0.18, 26.43, 30.75, 21.33, 5.75, 101582.13, -0.23, 2.56
18:45:13.56,23.0, 27242.0, 233.0, 71.0, 21.799999, 92.900002, 500.0, 2.0, 0.0, 27370.0, 0.0, 27.0, 0.0, 0.0, 0.0, 0.0, 0.0, 1.0 , 9.14, -3.86, -0.19, 26.42, 31.00, 21.32, 5.65, 101587.77, -0.24, 2.54
18:45:13.67,23.0, 27242.0, 233.0, 71.0, 21.799999, 92.900002, 500.0, 2.0, 0.0, 27370.0, 0.0, 27.0, 0.0, 0.0, 0.0, 0.0, 0.0, 1.0 , 9.08, -3.84, -0.33, 26.43, 31.00, 21.32, 5.71, 101594.96, -0.24, 2.55
18:45:13.77,23.0, 27242.0, 233.0, 71.0, 21.799999, 92.900002, 500.0, 2.0, 0.0, 27370.0, 17.0, 27.0, 0.0, 0.0, 0.0, 0.0, 0.0, 1.0 , 8.92, -3.82, -0.22, 26.44, 30.75, 21.31, 5.75, 101588.47, -0.24, 2.55
18:45:13.89,23.0, 27241.0, 233.0, 71.0, 21.799999, 92.900002, 500.0, 2.0, 0.0, 27370.0, 0.0, 27.0, 0.0, 0.0, 0.0, 0.0, 0.0, 1.0 , 8.99, -3.92, -0.04, 26.43, 30.75, 21.32, 5.71, 101592.22, -0.24, 2.55
18:45:13.99,23.0, 27241.0, 233.0, 71.0, 21.799999, 92.900002, 500.0, 2.0, 0.0, 27370.0, 17.0, 27.0, 0.0, 0.0, 0.0, 0.0, 0.0, 1.0 , 9.10, -3.86, -0.27, 26.44, 30.50, 21.31, 5.73, 101591.20, -0.24, 2.55
18:45:14.10,23.0, 27241.0, 233.0, 71.0, 21.799999, 92.900002, 500.0, 2.0, 0.0, 27370.0, 0.0, 27.0, 0.0, 0.0, 0.0, 0.0, 0.0, 1.0 , 9.11, -3.86, -0.18, 26.43, 31.00, 21.31, 5.71, 101594.96, -0.24, 2.55
18:45:14.20,23.0, 27241.0, 233.0, 71.0, 21.799999, 92.900002, 500.0, 2.0, 0.0, 27370.0, 17.0, 27.0, 0.0, 0.0, 0.0, 0.0, 0.0, 1.0 , 9.12, -3.90, -0.21, 26.43, 31.25, 21.31, 5.71, 101587.61, -0.24, 2.55
18:45:14.31,23.0, 27241.0, 233.0, 71.0, 21.799999, 92.900002, 500.0, 2.0, 0.0, 27370.0, 17.0, 27.0, 0.0, 0.0, 0.0, 0.0, 0.0, 1.0 , 9.23, -3.84, -0.31, 26.43, 31.25, 21.32, 5.75, 101590.34, -0.24, 2.55
18:45:14.41,23.0, 27241.0, 233.0, 71.0, 21.799999, 92.900002, 500.0, 2.0, 0.0, 27370.0, 0.0, 27.0, 0.0, 0.0, 0.0, 0.0, 0.0, 1.0 , 9.13, -3.81, -0.28, 26.43, 31.00, 21.31, 5.84, 101592.22, -0.24, 2.55
18:45:14.51,23.0, 27241.0, 233.0, 71.0, 21.799999, 92.900002, 500.0, 2.0, 0.0, 27370.0, 17.0, 27.0, 0.0, 0.0, 0.0, 0.0, 0.0, 1.0 , 9.02, -3.83, -0.21, 26.44, 31.00, 21.32, 5.69, 101591.20, -0.24, 2.56
18:45:14.62,23.0, 27241.0, 233.0, 71.0, 21.799999, 92.900002, 500.0, 2.0, 0.0, 27370.0, 17.0, 27.0, 0.0, 0.0, 0.0, 0.0, 0.0, 1.0 , 9.03, -3.89, -0.37, 26.43, 30.75, 21.31, 5.77, 101592.22, -0.24, 2.55
18:45:14.72,23.0, 27241.0, 233.0, 71.0, 21.799999, 92.900002, 500.0, 2.0, 0.0, 27370.0, 0.0, 27.0, 0.0, 0.0, 0.0, 0.0, 0.0, 1.0 , 9.16, -3.89, -0.40, 26.43, 30.75, 21.31, 5.77, 101594.96, -0.24, 2.55
18:45:14.83,23.0, 27241.0, 233.0, 71.0, 21.799999, 92.900002, 500.0, 2.0, 0.0, 27370.0, 17.0, 27.0, 0.0, 0.0, 0.0, 0.0, 0.0, 1.0 , 9.18, -3.87, -0.18, 26.42, 31.25, 21.32, 5.77, 101591.36, -0.24, 2.54
18:45:14.93,23.0, 27241.0, 233.0, 71.0, 21.799999, 92.900002, 500.0, 2.0, 0.0, 27370.0, 17.0, 27.0, 0.0, 0.0, 0.0, 0.0, 0.0, 1.0 , 9.11, -3.87, -0.07, 26.42, 31.00, 21.32, 5.75, 101591.36, -0.24, 2.54
18:45:15.04,23.0, 27241.0, 233.0, 71.0, 21.799999, 92.900002, 500.0, 2.0, 0.0, 27370.0, 0.0, 27.0, 0.0, 0.0, 0.0, 0.0, 0.0, 1.0 , 9.17, -3.97, -0.25, 26.43, 30.75, 21.31, 5.84, 101589.48, -0.24, 2.55
18:45:15.14,23.0, 27244.0, 233.0, 71.0, 21.799999, 92.900002, 500.0, 2.0, 0.0, 27370.0, 0.0, 27.0, 0.0, 0.0, 0.0, 0.0, 0.0, 1.0 , 9.24, -3.96, -0.28, 26.43, 30.75, 21.32, 5.84, 101592.22, -0.24, 2.55
18:45:15.25,23.0, 27244.0, 233.0, 71.0, 21.799999, 92.900002, 500.0, 2.0, 0.0, 27370.0, 0.0, 27.0, 0.0, 0.0, 0.0, 0.0, 0.0, 1.0 , 9.13, -3.84, -0.39, 26.43, 30.75, 21.31, 5.73, 101598.56, -0.25, 2.55
18:45:15.35,23.0, 27244.0, 233.0, 71.0, 21.799999, 92.900002, 500.0, 2.0, 0.0, 27370.0, 0.0, 27.0, 0.0, 0.0, 0.0, 0.0, 0.0, 1.0 , 8.98, -4.03, 0.23, 26.43, 30.75, 21.30, 5.73, 101587.61, -0.24, 2.54
18:45:15.45,23.0, 27244.0, 233.0, 71.0, 21.799999, 92.900002, 500.0, 2.0, 0.0, 27485.0, 0.0, 27.0, 0.0, 0.0, 0.0, 0.0, 0.0, 1.0 , 9.19, -3.76, -0.28, 26.43, 30.75, 21.32, 5.77, 101594.96, -0.24, 2.55
