17:21:54.61,23.0, 27902.0, 122.0, 80.0, 24.700001, 105.0, 500.0, 1.0, 0.0, 28060.0, 0.0, 23.0, 0.0, 0.0, 0.0, 0.0, 0.0, 1.0 , 9.17, -3.42, -1.09, 25.48, 51.75, 13.99, 5.46, 101638.36, -0.28, -3.99
17:21:54.82,23.0, 27902.0, 122.0, 80.0, 24.700001, 105.0, 500.0, 1.0, 0.0, 28060.0, 0.0, 23.0, 0.0, 0.0, 0.0, 0.0, 0.0, 1.0 , 9.11, -3.35, -1.35, 25.48, 50.75, 13.99, 5.34, 101635.62, -0.28, -3.99
17:21:54.99,23.0, 27902.0, 122.0, 80.0, 24.700001, 105.0, 500.0, 1.0, 0.0, 28175.0, 0.0, 23.0, 0.0, 0.0, 0.0, 0.0, 0.0, 1.0 , 8.98, -3.39, -1.02, 25.48, 46.50, 14.00, 5.41, 101641.10, -0.28, -3.98
17:21:55.17,23.0, 27902.0, 122.0, 80.0, 24.700001, 105.0, 500.0, 1.0, 0.0, 28175.0, 0.0, 23.0, 0.0, 0.0, 0.0, 0.0, 0.0, 1.0 , 9.20, -3.38, -1.39, 25.47, 42.75, 13.99, 5.41, 101629.30, -0.27, -4.00
17:21:55.36,23.0, 27902.0, 122.0, 80.0, 24.700001, 105.0, 500.0, 1.0, 0.0, 28060.0, 0.0, 23.0, 0.0, 0.0, 0.0, 0.0, 0.0, 1.0 , 9.12, -3.36, -1.04, 25.48, 43.25, 13.99, 5.44, 101644.70, -0.29, -3.99
17:21:55.54,23.0, 27902.0, 122.0, 80.0, 24.700001, 105.0, 500.0, 1.0, 0.0, 28060.0, 0.0, 23.0, 0.0, 0.0, 0.0, 0.0, 0.0, 1.0 , 9.20, -3.37, -1.53, 25.48, 40.25, 14.00, 5.46, 101636.49, -0.28, -3.98
17:21:55.76,23.0, 27905.0, 122.0, 80.0, 24.700001, 105.0, 500.0, 1.0, 0.0, 28060.0, 0.0, 23.0, 0.0, 0.0, 0.0, 0.0, 0.0, 1.0 , 9.14, -3.40, -1.07, 25.48, 40.50, 13.99, 5.46, 101633.76, -0.28, -3.99
17:21:55.94,23.0, 27905.0, 122.0, 80.0, 24.700001, 105.0, 500.0, 1.0, 0.0, 28060.0, 0.0, 23.0, 0.0, 0.0, 0.0, 0.0, 0.0, 1.0 , 9.25, -3.37, -1.19, 25.49, 46.25, 14.00, 5.41, 101640.95, -0.28, -3.97
17:21:56.15,23.0, 27905.0, 122.0, 80.0, 24.700001, 105.0, 500.0, 1.0, 0.0, 28175.0, 0.0, 23.0, 0.0, 0.0, 0.0, 0.0, 0.0, 1.0 , 9.25, -3.34, -1.34, 25.49, 47.50, 14.00, 5.35, 101637.36, -0.28, -3.97
17:21:56.36,23.0, 27905.0, 122.0, 80.0, 24.700001, 105.0, 500.0, 1.0, 0.0, 28060.0, 0.0, 23.0, 0.0, 0.0, 0.0, 0.0, 0.0, 1.0 , 9.20, -3.41, -1.33, 25.49, 49.75, 13.99, 5.51, 101640.09, -0.28, -3.98
17:21:56.55,23.0, 27905.0, 122.0, 80.0, 24.700001, 105.0, 500.0, 1.0, 0.0, 28060.0, 0.0, 23.0, 0.0, 0.0, 0.0, 0.0, 0.0, 1.0 , 9.29, -3.40, -1.52, 25.50, 49.25, 13.98, 5.37, 101636.34, -0.28, -3.98
17:21:56.74,23.0, 27905.0, 122.0, 80.0, 24.700001, 105.0, 500.0, 1.0, 0.0, 28060.0, 0.0, 23.0, 0.0, 0.0, 0.0, 0.0, 0.0, 1.0 , 9.26, -3.48, -1.19, 25.49, 49.25, 13.99, 5.34, 101643.69, -0.29, -3.98
17:21:56.94,23.0, 27903.0, 122.0, 80.0, 24.700001, 105.0, 500.0, 1.0, 0.0, 28175.0, 0.0, 23.0, 0.0, 0.0, 0.0, 0.0, 0.0, 1.0 , 9.04, -3.36, -1.63, 25.50, 49.00, 13.98, 5.41, 101636.34, -0.28, -3.98
17:21:57.11,23.0, 27903.0, 122.0, 80.0, 24.700001, 105.0, 500.0, 1.0, 0.0, 28060.0, 0.0, 23.0, 0.0, 0.0, 0.0, 0.0, 0.0, 1.0 , 9.21, -3.36, -1.26, 25.50, 49.25, 13.99, 5.41, 101625.41, -0.27, -3.97
17:21:57.29,23.0, 27903.0, 122.0, 80.0, 24.700001, 105.0, 500.0, 1.0, 0.0, 28060.0, 0.0, 23.0, 0.0, 0.0, 0.0, 0.0, 0.0, 1.0 , 9.18, -3.40, -1.35, 25.50, 49.75, 13.98, 5.42, 101639.08, -0.28, -3.98
17:21:57.50,23.0, 27903.0, 122.0, 80.0, 24.700001, 105.0, 500.0, 1.0, 0.0, 28060.0, 0.0, 23.0, 0.0, 0.0, 0.0, 0.0, 0.0, 1.0 , 9.18, -3.35, -1.21, 25.50, 49.00, 13.99, 5.42, 101639.08, -0.28, -3.97
17:21:57.66,23.0, 27903.0, 122.0, 80.0, 24.700001, 105.0, 500.0, 1.0, 0.0, 28175.0, 0.0, 23.0, 0.0, 0.0, 0.0, 0.0, 0.0, 1.0 , 9.22, -3.41, -1.30, 25.50, 49.00, 13.97, 5.50, 101639.08, -0.28, -3.99
17:21:57.83,23.0, 27903.0, 122.0, 80.0, 24.700001, 105.0, 500.0, 1.0, 0.0, 28060.0, 0.0, 23.0, 0.0, 0.0, 0.0, 0.0, 0.0, 1.0 , 9.19, -3.38, -1.38, 25.50, 49.00, 13.96, 5.30, 101639.94, -0.28, -4.00
17:21:58.02,23.0, 27903.0, 122.0, 80.0, 24.700001, 105.0, 500.0, 1.0, 0.0, 28060.0, 0.0, 23.0, 0.0, 0.0, 0.0, 0.0, 0.0, 1.0 , 9.18, -3.38, -1.36, 25.51, 49.50, 13.97, 5.37, 101638.06, -0.28, -3.98
17:21:58.18,23.0, 27903.0, 122.0, 80.0, 24.700001, 105.0, 500.0, 1.0, 0.0, 28060.0, 0.0, 23.0, 0.0, 0.0, 0.0, 0.0, 0.0, 1.0 , 9.25, -3.50, -1.40, 25.50, 49.00, 13.98, 5.42, 101633.61, -0.28, -3.98
17:21:58.37,23.0, 27903.0, 122.0, 80.0, 24.700001, 105.0, 500.0, 1.0, 0.0, 28175.0, 0.0, 23.0, 0.0, 0.0, 0.0, 0.0, 0.0, 1.0 , 9.20, -3.39, -1.35, 25.50, 50.25, 13.97, 5.46, 101634.47, -0.28, -3.99
17:21:58.54,23.0, 27903.0, 122.0, 80.0, 24.700001, 105.0, 500.0, 1.0, 0.0, 28175.0, 0.0, 23.0, 0.0, 0.0, 0.0, 0.0, 0.0, 1.0 , 8.94, -3.26, -1.48, 25.50, 48.75, 13.97, 5.51, 101647.28, -0.29, -3.99
17:21:58.74,23.0, 27903.0, 122.0, 80.0, 24.700001, 105.0, 500.0, 1.0, 0.0, 28060.0, 0.0, 23.0, 0.0, 0.0, 0.0, 0.0, 0.0, 1.0 , 9.19, -3.38, -1.28, 25.51, 49.25, 13.96, 5.41, 101644.40, -0.29, -3.99
17:21:58.93,23.0, 27903.0, 122.0, 80.0, 24.700001, 105.0, 500.0, 1.0, 0.0, 28060.0, 0.0, 23.0, 0.0, 0.0, 0.0, 0.0, 0.0, 1.0 , 9.20, -3.40, -1.51, 25.52, 49.50, 13.96, 5.37, 101639.79, -0.28, -3.99
17:21:59.13,23.0, 27903.0, 122.0, 80.0, 24.700001, 105.0, 500.0, 1.0, 0.0, 28060.0, 0.0, 23.0, 0.0, 0.0, 0.0, 0.0, 0.0, 1.0 , 9.15, -3.37, -1.24, 25.51, 49.50, 13.96, 5.35, 101640.80, -0.28, -3.99
17:21:59.31,23.0, 27904.0, 122.0, 80.0, 24.700001, 105.0, 500.0, 1.0, 0.0, 28060.0, 0.0, 23.0, 0.0, 0.0, 0.0, 0.0, 0.0, 1.0 , 9.13, -3.39, -1.38, 25.51, 50.25, 13.95, 5.35, 101644.40, -0.29, -4.00
17:21:59.51,23.0, 27904.0, 122.0, 80.0, 24.700001, 105.0, 500.0, 1.0, 0.0, 28060.0, 0.0, 23.0, 0.0, 0.0, 0.0, 0.0, 0.0, 1.0 , 9.13, -3.39, -1.57, 25.51, 49.50, 13.95, 5.41, 101641.66, -0.29, -4.00
17:21:59.72,23.0, 27904.0, 122.0, 80.0, 24.700001, 105.0, 500.0, 1.0, 0.0, 28060.0, 0.0, 23.0, 0.0, 0.0, 0.0, 0.0, 0.0, 1.0 , 9.13, -3.20, -1.15, 25.51, 49.00, 13.95, 5.34, 101647.13, -0.29, -4.00
17:21:59.93,23.0, 27904.0, 122.0, 80.0, 24.700001, 105.0, 500.0, 1.0, 0.0, 28060.0, 0.0, 23.0, 0.0, 0.0, 0.0, 0.0, 0.0, 1.0 , 9.21, -3.36, -1.04, 25.50, 49.50, 13.94, 5.39, 101642.67, -0.29, -4.02
17:22:00.12,23.0, 27904.0, 122.0, 80.0, 24.700001, 105.0, 500.0, 1.0, 0.0, 28060.0, 0.0, 23.0, 0.0, 0.0, 0.0, 0.0, 0.0, 1.0 , 9.15, -3.38, -1.51, 25.51, 48.75, 13.93, 5.30, 101647.13, -0.29, -4.02
17:22:00.33,23.0, 27904.0, 122.0, 80.0, 24.700001, 105.0, 500.0, 1.0, 0.0, 28060.0, 0.0, 23.0, 0.0, 0.0, 0.0, 0.0, 0.0, 1.0 , 9.34, -3.37, -1.57, 25.51, 49.00, 13.94, 5.48, 101641.66, -0.29, -4.01
17:22:00.52,23.0, 27899.0, 122.0, 80.0, 24.700001, 105.0, 500.0, 1.0, 0.0, 28060.0, 0.0, 23.0, 0.0, 0.0, 0.0, 0.0, 0.0, 1.0 , 9.18, -3.41, -1.30, 25.52, 49.50, 13.95, 5.41, 101637.06, -0.28, -4.00
17:22:00.70,23.0, 27899.0, 122.0, 80.0, 24.700001, 105.0, 500.0, 1.0, 0.0, 28060.0, 0.0, 23.0, 0.0, 0.0, 0.0, 0.0, 0.0, 1.0 , 9.15, -3.45, -1.27, 25.51, 49.75, 13.94, 5.42, 101641.66, -0.29, -4.01
17:22:00.90,23.0, 27899.0, 122.0, 80.0, 24.700001, 105.0, 500.0, 1.0, 0.0, 28060.0, 0.0, 23.0, 0.0, 0.0, 0.0, 0.0, 0.0, 1.0 , 9.09, -3.46, -1.28, 25.52, 49.00, 13.94, 5.42, 101639.79, -0.28, -4.01
17:22:01.11,23.0, 27899.0, 122.0, 80.0, 24.700001, 105.0, 500.0, 1.0, 0.0, 28060.0, 0.0, 23.0, 0.0, 0.0, 0.0, 0.0, 0.0, 1.0 , 9.15, -3.38, -1.38, 25.52, 50.00, 13.93, 5.30, 101637.06, -0.28, -4.02
17:22:01.28,23.0, 27899.0, 122.0, 80.0, 24.700001, 105.0, 500.0, 1.0, 0.0, 28175.0, 0.0, 23.0, 0.0, 0.0, 0.0, 0.0, 0.0, 1.0 , 9.27, -3.36, -1.73, 25.52, 49.25, 13.93, 5.44, 101637.92, -0.28, -4.01
17:22:01.47,23.0, 27899.0, 122.0, 80.0, 24.700001, 105.0, 500.0, 1.0, 0.0, 28060.0, 0.0, 23.0, 0.0, 0.0, 0.0, 0.0, 0.0, 1.0 , 9.07, -3.41, -1.27, 25.52, 49.75, 13.92, 5.44, 101634.32, -0.28, -4.03
17:22:01.66,23.0, 27899.0, 122.0, 80.0, 24.700001, 105.0, 500.0, 1.0, 0.0, 28060.0, 0.0, 23.0, 0.0, 0.0, 0.0, 0.0, 0.0, 1.0 , 9.17, -3.41, -1.39, 25.53, 49.00, 13.93, 5.42, 101641.52, -0.28, -4.01
17:22:01.88,23.0, 27903.0, 122.0, 80.0, 24.700001, 105.0, 500.0, 1.0, 0.0, 28060.0, 0.0, 23.0, 0.0, 0.0, 0.0, 0.0, 0.0, 1.0 , 9.04, -3.37, -1.42, 25.51, 49.25, 13.93, 5.39, 101638.92, -0.28, -4.02
17:22:02.08,23.0, 27903.0, 122.0, 80.0, 24.700001, 105.0, 500.0, 1.0, 0.0, 28060.0, 0.0, 23.0, 0.0, 0.0, 0.0, 0.0, 0.0, 1.0 , 9.16, -3.37, -1.41, 25.51, 49.75, 13.92, 5.44, 101636.20, -0.28, -4.03
17:22:02.25,23.0, 27903.0, 122.0, 80.0, 24.700001, 105.0, 500.0, 1.0, 0.0, 28060.0, 0.0, 23.0, 0.0, 0.0, 0.0, 0.0, 0.0, 1.0 , 9.16, -3.40, -1.25, 25.53, 49.75, 13.93, 5.41, 101638.78, -0.28, -4.01
17:22:02.44,23.0, 27903.0, 122.0, 80.0, 24.700001, 105.0, 500.0, 1.0, 0.0, 28060.0, 0.0, 23.0, 0.0, 0.0, 0.0, 0.0, 0.0, 1.0 , 9.17, -3.34, -1.65, 25.53, 49.00, 13.93, 5.44, 101639.64, -0.28, -4.01
17:22:02.62,23.0, 27903.0, 122.0, 80.0, 24.700001, 105.0, 500.0, 1.0, 0.0, 28060.0, 0.0, 23.0, 0.0, 0.0, 0.0, 0.0, 0.0, 1.0 , 9.15, -3.27, -1.50, 25.53, 50.00, 13.95, 5.32, 101633.31, -0.28, -3.99
17:22:02.80,23.0, 27903.0, 122.0, 80.0, 24.700001, 105.0, 500.0, 1.0, 0.0, 28060.0, 0.0, 23.0, 0.0, 0.0, 0.0, 0.0, 0.0, 1.0 , 9.12, -3.29, -1.50, 25.53, 49.00, 13.93, 5.37, 101645.11, -0.29, -4.01
17:22:03.00,23.0, 27901.0, 122.0, 80.0, 24.700001, 105.0, 500.0, 1.0, 0.0, 28060.0, 0.0, 23.0, 0.0, 0.0, 0.0, 0.0, 0.0, 1.0 , 9.21, -3.47, -1.51, 25.54, 49.75, 13.93, 5.35, 101643.23, -0.29, -4.00
17:22:03.20,23.0, 27901.0, 122.0, 80.0, 24.700001, 105.0, 500.0, 1.0, 0.0, 28060.0, 0.0, 23.0, 0.0, 0.0, 0.0, 0.0, 0.0, 1.0 , 9.14, -3.41, -1.34, 25.53, 50.00, 13.93, 5.35, 101638.78, -0.28, -4.01
17:22:03.39,23.0, 27901.0, 122.0, 80.0, 24.700001, 105.0, 500.0, 1.0, 0.0, 28060.0, 0.0, 23.0, 0.0, 0.0, 0.0, 0.0, 0.0, 1.0 , 9.19, -3.42, -1.32, 25.53, 48.75, 13.93, 5.34, 101642.38, -0.29, -4.01
17:22:03.58,23.0, 27901.0, 122.0, 80.0, 24.700001, 105.0, 500.0, 1.0, 0.0, 28060.0, 0.0, 23.0, 0.0, 0.0, 0.0, 0.0, 0.0, 1.0 , 9.22, -3.43, -1.31, 25.54, 49.50, 13.93, 5.41, 101643.23, -0.29, -4.00
17:22:03.76,23.0, 27901.0, 122.0, 80.0, 24.700001, 105.0, 500.0, 1.0, 0.0, 28060.0, 0.0, 23.0, 0.0, 0.0, 0.0, 0.0, 0.0, 1.0 , 9.35, -3.50, -1.17, 25.54, 49.50, 13.92, 5.48, 101640.50, -0.28, -4.01
17:22:03.97,23.0, 27901.0, 122.0, 80.0, 24.700001, 105.0, 500.0, 1.0, 0.0, 28060.0, 0.0, 23.0, 0.0, 0.0, 0.0, 0.0, 0.0, 1.0 , 9.12, -3.49, -1.04, 25.54, 49.25, 13.93, 5.41, 101637.77, -0.28, -4.00
17:22:04.15,23.0, 27904.0, 122.0, 80.0, 24.700001, 105.0, 500.0, 1.0, 0.0, 28060.0, 0.0, 23.0, 0.0, 0.0, 0.0, 0.0, 0.0, 1.0 , 9.21, -3.40, -1.37, 25.53, 49.00, 13.94, 5.37, 101639.64, -0.28, -4.00
17:22:04.31,23.0, 27904.0, 122.0, 80.0, 24.700001, 105.0, 500.0, 1.0, 0.0, 28060.0, 0.0, 23.0, 0.0, 0.0, 0.0, 0.0, 0.0, 1.0 , 9.24, -3.41, -1.48, 25.54, 49.00, 13.92, 5.41, 101635.03, -0.28, -4.01
17:22:04.48,23.0, 27904.0, 122.0, 80.0, 24.700001, 105.0, 500.0, 1.0, 0.0, 28060.0, 0.0, 23.0, 0.0, 0.0, 0.0, 0.0, 0.0, 1.0 , 9.16, -3.38, -1.37, 25.54, 49.50, 13.92, 5.41, 101637.77, -0.28, -4.01
17:22:04.67,23.0, 27904.0, 122.0, 80.0, 24.700001, 105.0, 500.0, 1.0, 0.0, 28060.0, 0.0, 23.0, 0.0, 0.0, 0.0, 0.0, 0.0, 1.0 , 9.17, -3.33, -1.32, 25.55, 49.25, 13.91, 5.41, 101644.96, -0.29, -4.01
17:22:04.86,23.0, 27904.0, 122.0, 80.0, 24.700001, 105.0, 500.0, 1.0, 0.0, 28060.0, 0.0, 23.0, 0.0, 0.0, 0.0, 0.0, 0.0, 1.0 , 9.04, -3.38, -1.39, 25.54, 49.75, 13.91, 5.46, 101645.97, -0.29, -4.02
17:22:05.04,23.0, 27904.0, 122.0, 80.0, 24.700001, 105.0, 500.0, 1.0, 0.0, 28060.0, 0.0, 23.0, 0.0, 0.0, 0.0, 0.0, 0.0, 1.0 , 9.18, -3.39, -1.72, 25.55, 49.25, 13.92, 5.35, 101645.82, -0.29, -4.00
17:22:05.20,23.0, 27904.0, 122.0, 80.0, 24.700001, 105.0, 500.0, 1.0, 0.0, 28060.0, 0.0, 23.0, 0.0, 0.0, 0.0, 0.0, 0.0, 1.0 , 9.28, -3.46, -1.46, 25.54, 49.75, 13.92, 5.42, 101638.62, -0.28, -4.01
17:22:05.38,23.0, 27903.0, 122.0, 80.0, 24.700001, 105.0, 500.0, 1.0, 0.0, 28060.0, 0.0, 23.0, 0.0, 0.0, 0.0, 0.0, 0.0, 1.0 , 9.12, -3.38, -1.06, 25.55, 49.50, 13.91, 5.42, 101640.36, -0.28, -4.01
17:22:05.54,23.0, 27903.0, 122.0, 80.0, 24.700001, 105.0, 500.0, 1.0, 0.0, 28060.0, 0.0, 23.0, 0.0, 0.0, 0.0, 0.0, 0.0, 1.0 , 9.18, -3.42, -1.47, 25.55, 47.25, 13.93, 5.44, 101643.09, -0.29, -3.99
17:22:05.74,23.0, 27903.0, 122.0, 80.0, 24.700001, 105.0, 500.0, 1.0, 0.0, 28060.0, 0.0, 23.0, 0.0, 0.0, 0.0, 0.0, 0.0, 1.0 , 9.22, -3.35, -1.38, 25.55, 47.75, 13.92, 5.39, 101643.09, -0.29, -4.00
17:22:05.93,23.0, 27903.0, 122.0, 80.0, 24.700001, 105.0, 500.0, 1.0, 0.0, 28060.0, 0.0, 23.0, 0.0, 0.0, 0.0, 0.0, 0.0, 1.0 , 9.19, -3.31, -1.25, 25.55, 39.25, 13.93, 5.48, 101636.76, -0.28, -3.99
17:22:06.11,23.0, 27903.0, 122.0, 80.0, 24.700001, 105.0, 500.0, 1.0, 0.0, 28060.0, 0.0, 23.0, 0.0, 0.0, 0.0, 0.0, 0.0, 1.0 , 9.03, -3.31, -1.24, 25.56, 41.25, 13.93, 5.37, 101644.81, -0.29, -3.98
17:22:06.31,23.0, 27903.0, 122.0, 80.0, 24.700001, 105.0, 500.0, 1.0, 0.0, 28060.0, 0.0, 23.0, 0.0, 0.0, 0.0, 0.0, 0.0, 1.0 , 9.22, -3.35, -1.53, 25.56, 39.50, 13.93, 5.42, 101633.87, -0.28, -3.98
17:22:06.52,23.0, 27905.0, 122.0, 80.0, 24.700001, 105.0, 500.0, 1.0, 0.0, 28060.0, 0.0, 23.0, 0.0, 0.0, 0.0, 0.0, 0.0, 1.0 , 9.29, -3.33, -1.12, 25.55, 40.00, 13.93, 5.35, 101636.76, -0.28, -3.99
17:22:06.67,23.0, 27905.0, 122.0, 80.0, 24.700001, 105.0, 500.0, 1.0, 0.0, 28060.0, 0.0, 23.0, 0.0, 0.0, 0.0, 0.0, 0.0, 1.0 , 9.30, -3.40, -1.34, 25.56, 42.75, 13.96, 5.42, 101638.48, -0.28, -3.96
17:22:06.85,23.0, 27905.0, 122.0, 80.0, 24.700001, 105.0, 500.0, 1.0, 0.0, 28060.0, 0.0, 23.0, 0.0, 0.0, 0.0, 0.0, 0.0, 1.0 , 9.22, -3.41, -1.35, 25.56, 42.75, 13.93, 5.32, 101635.75, -0.28, -3.98
17:22:07.03,23.0, 27905.0, 122.0, 80.0, 24.700001, 105.0, 500.0, 1.0, 0.0, 28060.0, 0.0, 23.0, 0.0, 0.0, 0.0, 0.0, 0.0, 1.0 , 9.11, -3.30, -1.36, 25.56, 41.00, 13.96, 5.37, 101630.28, -0.27, -3.96
17:22:07.23,23.0, 27905.0, 122.0, 80.0, 24.700001, 105.0, 500.0, 1.0, 0.0, 28060.0, 0.0, 23.0, 0.0, 0.0, 0.0, 0.0, 0.0, 1.0 , 9.32, -3.46, -1.57, 25.56, 40.50, 13.96, 5.42, 101638.48, -0.28, -3.95
17:22:07.42,23.0, 27905.0, 122.0, 80.0, 24.700001, 105.0, 500.0, 1.0, 0.0, 28060.0, 0.0, 23.0, 0.0, 0.0, 0.0, 0.0, 0.0, 1.0 , 9.16, -3.44, -1.46, 25.56, 42.00, 13.96, 5.39, 101643.95, -0.29, -3.95
17:22:07.60,23.0, 27905.0, 122.0, 80.0, 24.700001, 105.0, 500.0, 1.0, 0.0, 28060.0, 0.0, 23.0, 0.0, 0.0, 0.0, 0.0, 0.0, 1.0 , 9.29, -3.35, -1.90, 25.56, 44.75, 13.96, 5.41, 101642.08, -0.29, -3.96
17:22:07.78,23.0, 27903.0, 122.0, 80.0, 24.700001, 105.0, 500.0, 1.0, 0.0, 28060.0, 0.0, 23.0, 0.0, 0.0, 0.0, 0.0, 0.0, 1.0 , 9.29, -3.35, -1.36, 25.57, 46.00, 13.96, 5.39, 101641.06, -0.28, -3.95
17:22:07.94,23.0, 27903.0, 122.0, 80.0, 24.700001, 105.0, 500.0, 1.0, 0.0, 28060.0, 0.0, 23.0, 0.0, 0.0, 0.0, 0.0, 0.0, 1.0 , 8.99, -3.39, -1.19, 25.56, 48.00, 13.96, 5.44, 101635.75, -0.28, -3.95
17:22:08.12,23.0, 27903.0, 122.0, 80.0, 24.700001, 105.0, 500.0, 1.0, 0.0, 28060.0, 0.0, 23.0, 0.0, 0.0, 0.0, 0.0, 0.0, 1.0 , 9.08, -3.42, -1.29, 25.56, 50.00, 13.96, 5.44, 101633.87, -0.28, -3.95
17:22:08.29,23.0, 27903.0, 122.0, 80.0, 24.700001, 105.0, 500.0, 1.0, 0.0, 28060.0, 0.0, 23.0, 0.0, 0.0, 0.0, 0.0, 0.0, 1.0 , 9.22, -3.38, -1.36, 25.57, 49.00, 13.99, 5.41, 101643.80, -0.29, -3.93
17:22:08.46,23.0, 27903.0, 122.0, 80.0, 24.700001, 105.0, 500.0, 1.0, 0.0, 28060.0, 0.0, 23.0, 0.0, 0.0, 0.0, 0.0, 0.0, 1.0 , 9.05, -3.27, -1.38, 25.58, 49.25, 13.99, 5.41, 101639.20, -0.28, -3.92
17:22:08.67,23.0, 27903.0, 122.0, 80.0, 24.700001, 105.0, 500.0, 1.0, 0.0, 28060.0, 0.0, 23.0, 0.0, 0.0, 0.0, 0.0, 0.0, 1.0 , 8.90, -3.40, -1.39, 25.57, 49.25, 13.98, 5.34, 101641.06, -0.28, -3.94
17:22:08.87,23.0, 27903.0, 122.0, 80.0, 24.700001, 105.0, 500.0, 1.0, 0.0, 28060.0, 0.0, 23.0, 0.0, 0.0, 0.0, 0.0, 0.0, 1.0 , 9.17, -3.35, -1.35, 25.57, 49.00, 13.98, 5.35, 101646.53, -0.29, -3.94
17:22:09.03,23.0, 27900.0, 122.0, 80.0, 24.700001, 105.0, 500.0, 1.0, 0.0, 28060.0, 0.0, 23.0, 0.0, 0.0, 0.0, 0.0, 0.0, 1.0 , 9.17, -3.48, -1.11, 25.58, 49.50, 13.99, 5.32, 101639.20, -0.28, -3.92
17:22:09.20,23.0, 27900.0, 122.0, 80.0, 24.700001, 105.0, 500.0, 1.0, 0.0, 28060.0, 0.0, 23.0, 0.0, 0.0, 0.0, 0.0, 0.0, 1.0 , 9.07, -3.44, -1.27, 25.58, 49.50, 13.99, 5.32, 101636.46, -0.28, -3.92
17:22:09.37,23.0, 27900.0, 122.0, 80.0, 24.700001, 105.0, 500.0, 1.0, 0.0, 28060.0, 0.0, 23.0, 0.0, 0.0, 0.0, 0.0, 0.0, 1.0 , 9.06, -3.32, -1.55, 25.58, 49.75, 14.01, 5.37, 101633.72, -0.28, -3.90
17:22:09.58,23.0, 27900.0, 122.0, 80.0, 24.700001, 105.0, 500.0, 1.0, 0.0, 28060.0, 0.0, 23.0, 0.0, 0.0, 0.0, 0.0, 0.0, 1.0 , 9.13, -3.35, -1.44, 25.58, 49.50, 14.01, 5.34, 101647.40, -0.29, -3.90
17:22:09.75,23.0, 27900.0, 122.0, 80.0, 24.700001, 105.0, 500.0, 1.0, 0.0, 28060.0, 0.0, 23.0, 0.0, 0.0, 0.0, 0.0, 0.0, 1.0 , 9.26, -3.38, -1.51, 25.57, 50.00, 14.00, 5.39, 101641.06, -0.28, -3.92
17:22:09.93,23.0, 27900.0, 122.0, 80.0, 24.700001, 105.0, 500.0, 1.0, 0.0, 28060.0, 0.0, 23.0, 0.0, 0.0, 0.0, 0.0, 0.0, 1.0 , 9.16, -3.41, -1.38, 25.57, 49.25, 14.02, 5.41, 101643.80, -0.29, -3.90
17:22:10.10,23.0, 27900.0, 122.0, 80.0, 24.700001, 105.0, 500.0, 1.0, 0.0, 28060.0, 0.0, 23.0, 0.0, 0.0, 0.0, 0.0, 0.0, 1.0 , 9.18, -3.41, -1.49, 25.58, 50.00, 14.01, 5.39, 101640.02, -0.28, -3.90
17:22:10.27,23.0, 27903.0, 122.0, 80.0, 24.700001, 105.0, 500.0, 1.0, 0.0, 28060.0, 0.0, 23.0, 0.0, 0.0, 0.0, 0.0, 0.0, 1.0 , 9.16, -3.40, -1.40, 25.58, 49.75, 14.02, 5.29, 101648.23, -0.29, -3.89
17:22:10.43,23.0, 27903.0, 122.0, 80.0, 24.700001, 105.0, 500.0, 1.0, 0.0, 28060.0, 0.0, 23.0, 0.0, 0.0, 0.0, 0.0, 0.0, 1.0 , 9.04, -3.44, -1.33, 25.58, 50.00, 14.03, 5.44, 101641.92, -0.29, -3.88
17:22:10.61,23.0, 27903.0, 122.0, 80.0, 24.700001, 105.0, 500.0, 1.0, 0.0, 28060.0, 0.0, 23.0, 0.0, 0.0, 0.0, 0.0, 0.0, 1.0 , 9.02, -3.37, -1.25, 25.58, 50.00, 14.04, 5.41, 101645.49, -0.29, -3.87
17:22:10.80,23.0, 27903.0, 122.0, 80.0, 24.700001, 105.0, 500.0, 1.0, 0.0, 28060.0, 0.0, 23.0, 0.0, 0.0, 0.0, 0.0, 0.0, 1.0 , 9.09, -3.41, -1.17, 25.58, 50.50, 14.04, 5.46, 101648.23, -0.29, -3.87
17:22:10.96,23.0, 27903.0, 122.0, 80.0, 24.700001, 105.0, 500.0, 1.0, 0.0, 28060.0, 0.0, 23.0, 0.0, 0.0, 0.0, 0.0, 0.0, 1.0 , 9.16, -3.42, -1.17, 25.59, 50.50, 14.07, 5.37, 101643.63, -0.29, -3.83
17:22:11.14,23.0, 27903.0, 122.0, 80.0, 24.700001, 105.0, 500.0, 1.0, 0.0, 28060.0, 0.0, 23.0, 0.0, 0.0, 0.0, 0.0, 0.0, 1.0 , 9.12, -3.13, -1.05, 25.58, 50.25, 14.06, 5.39, 101640.02, -0.28, -3.85
17:22:11.32,23.0, 27900.0, 122.0, 80.0, 24.700001, 105.0, 500.0, 1.0, 0.0, 28175.0, 0.0, 23.0, 0.0, 0.0, 0.0, 0.0, 0.0, 1.0 , 9.17, -3.32, -1.45, 25.58, 50.25, 14.07, 5.48, 101637.28, -0.28, -3.84
17:22:11.49,23.0, 27900.0, 122.0, 80.0, 24.700001, 105.0, 500.0, 1.0, 0.0, 28060.0, 0.0, 23.0, 0.0, 0.0, 0.0, 0.0, 0.0, 1.0 , 9.08, -3.48, -1.48, 25.59, 50.00, 14.08, 5.46, 101640.88, -0.28, -3.82
17:22:11.68,23.0, 27900.0, 122.0, 80.0, 24.700001, 105.0, 500.0, 1.0, 0.0, 28060.0, 0.0, 23.0, 0.0, 0.0, 0.0, 0.0, 0.0, 1.0 , 9.25, -3.30, -1.62, 25.59, 50.25, 14.08, 5.34, 101638.15, -0.28, -3.82
17:22:11.84,23.0, 27900.0, 122.0, 80.0, 24.700001, 105.0, 500.0, 1.0, 0.0, 28060.0, 0.0, 23.0, 0.0, 0.0, 0.0, 0.0, 0.0, 1.0 , 9.16, -3.40, -1.40, 25.59, 50.25, 14.07, 5.51, 101640.88, -0.28, -3.83
17:22:12.00,23.0, 27900.0, 122.0, 80.0, 24.700001, 105.0, 500.0, 1.0, 0.0, 28060.0, 0.0, 23.0, 0.0, 0.0, 0.0, 0.0, 0.0, 1.0 , 9.09, -3.41, -1.19, 25.58, 50.00, 14.09, 5.39, 101642.76, -0.29, -3.82
17:22:12.19,23.0, 27900.0, 122.0, 80.0, 24.700001, 105.0, 500.0, 1.0, 0.0, 28060.0, 0.0, 23.0, 0.0, 0.0, 0.0, 0.0, 0.0, 1.0 , 9.16, -3.42, -1.04, 25.58, 49.75, 14.08, 5.42, 101640.02, -0.28, -3.83
17:22:12.38,23.0, 27900.0, 122.0, 80.0, 24.700001, 105.0, 500.0, 1.0, 0.0, 28060.0, 0.0, 23.0, 0.0, 0.0, 0.0, 0.0, 0.0, 1.0 , 9.18, -3.55, -1.37, 25.59, 50.25, 14.09, 5.42, 101641.75, -0.29, -3.81
17:22:12.55,23.0, 27901.0, 122.0, 80.0, 24.700001, 105.0, 500.0, 1.0, 0.0, 28060.0, 0.0, 23.0, 0.0, 0.0, 0.0, 0.0, 0.0, 1.0 , 9.34, -3.24, -1.81, 25.59, 50.00, 14.10, 5.42, 101635.41, -0.28, -3.80
17:22:12.72,23.0, 27901.0, 122.0, 80.0, 24.700001, 105.0, 500.0, 1.0, 0.0, 28060.0, 0.0, 23.0, 0.0, 0.0, 0.0, 0.0, 0.0, 1.0 , 9.16, -3.37, -1.69, 25.59, 50.75, 14.08, 5.44, 101649.95, -0.29, -3.82
17:22:12.88,23.0, 27901.0, 122.0, 80.0, 24.700001, 105.0, 500.0, 1.0, 0.0, 28060.0, 0.0, 23.0, 0.0, 0.0, 0.0, 0.0, 0.0, 1.0 , 9.18, -3.39, -1.42, 25.60, 50.25, 14.10, 5.44, 101642.61, -0.29, -3.79
17:22:13.06,23.0, 27901.0, 122.0, 80.0, 24.700001, 105.0, 500.0, 1.0, 0.0, 28060.0, 0.0, 23.0, 0.0, 0.0, 0.0, 0.0, 0.0, 1.0 , 9.16, -3.30, -1.55, 25.60, 51.25, 14.08, 5.42, 101639.87, -0.28, -3.81
17:22:13.24,23.0, 27901.0, 122.0, 80.0, 24.700001, 105.0, 500.0, 1.0, 0.0, 28175.0, 0.0, 23.0, 0.0, 0.0, 0.0, 0.0, 0.0, 1.0 , 9.22, -3.37, -1.25, 25.60, 49.25, 14.10, 5.35, 101639.87, -0.28, -3.79
