10:17:24.35,11.0, 26508.0, 167.0, 63.0, 19.1, 81.300003, 500.0, 1.0, 0.0, 26795.0, 0.0, 4.0, 0.0, 0.0, 0.0, 0.0, 3800.0, 1.0 , 9.38, -0.80, -1.97, 5.56, 973.75, 55.17, 7.46, 101080.27, 0.22, -2.73
10:17:24.47,11.0, 26508.0, 167.0, 63.0, 19.1, 81.300003, 500.0, 2.0, 0.0, 26795.0, 0.0, 4.0, 0.0, 0.0, 0.0, 0.0, 3500.0, 1.0 , 9.19, -0.94, -2.12, 5.55, 1022.50, 55.17, 7.55, 101079.34, 0.22, -2.74
10:17:24.60,11.0, 26508.0, 167.0, 63.0, 19.1, 81.300003, 500.0, 2.0, 0.0, 26795.0, 0.0, 4.0, 0.0, 0.0, 0.0, 0.0, 3500.0, 1.0 , 9.53, -1.40, -2.34, 5.53, 1107.75, 55.19, 7.50, 101081.01, 0.22, -2.76
10:17:24.74,11.0, 26508.0, 167.0, 63.0, 19.1, 81.300003, 500.0, 1.0, 3.0, 26795.0, 0.0, 4.0, 0.0, 0.0, 0.0, 0.0, 3500.0, 1.0 , 9.35, 0.10, -2.48, 5.52, 1425.00, 55.19, 7.13, 101081.81, 0.22, -2.77
10:17:24.86,11.0, 26508.0, 167.0, 63.0, 19.1, 81.300003, 500.0, 1.0, 3.0, 26795.0, 0.0, 4.0, 0.0, 0.0, 0.0, 0.0, 3200.0, 1.0 , 9.04, 0.00, -2.23, 5.52, 1592.25, 55.20, 7.06, 101080.91, 0.22, -2.77
10:17:25.02,11.0, 26508.0, 167.0, 63.0, 19.1, 81.300003, 500.0, 1.0, 3.0, 26795.0, 0.0, 4.0, 0.0, 0.0, 0.0, 0.0, 3200.0, 1.0 , 8.82, 0.51, -2.74, 5.51, 1695.75, 55.19, 6.99, 101084.37, 0.22, -2.78
10:17:25.16,11.0, 26508.0, 167.0, 63.0, 19.1, 81.300003, 500.0, 1.0, 0.0, 26795.0, 0.0, 4.0, 0.0, 0.0, 0.0, 0.0, 3000.0, 1.0 , 9.30, 0.81, -2.44, 5.51, 1877.75, 55.21, 7.02, 101084.37, 0.22, -2.77
10:17:25.28,11.0, 26501.0, 208.0, 63.0, 19.1, 81.300003, 500.0, 1.0, 0.0, 26795.0, 0.0, 4.0, 0.0, 0.0, 0.0, 0.0, 3000.0, 1.0 , 9.92, 0.75, -1.72, 5.49, 1918.25, 55.21, 7.13, 101085.17, 0.22, -2.79
10:17:25.42,11.0, 26501.0, 208.0, 63.0, 19.1, 81.300003, 500.0, 1.0, 0.0, 26795.0, 0.0, 4.0, 0.0, 0.0, 0.0, 0.0, 3000.0, 1.0 , 9.27, -0.12, -2.38, 5.48, 1971.50, 55.20, 7.02, 101080.75, 0.22, -2.80
10:17:25.55,11.0, 26501.0, 208.0, 63.0, 19.1, 81.300003, 500.0, 1.0, 0.0, 26795.0, 0.0, 4.0, 0.0, 0.0, 0.0, 0.0, 3000.0, 1.0 , 9.62, 0.03, -1.52, 5.48, 2047.25, 55.22, 6.92, 101082.48, 0.22, -2.80
10:17:25.68,11.0, 26501.0, 208.0, 63.0, 19.1, 81.300003, 500.0, 1.0, 0.0, 26795.0, 0.0, 4.0, 0.0, 0.0, 0.0, 0.0, 3000.0, 1.0 , 9.04, 0.25, -2.56, 5.46, 2081.50, 55.23, 6.95, 101082.38, 0.22, -2.81
10:17:25.81,11.0, 26501.0, 208.0, 63.0, 19.1, 81.300003, 500.0, 1.0, 0.0, 26795.0, 0.0, 4.0, 0.0, 0.0, 0.0, 0.0, 3000.0, 1.0 , 9.84, 1.35, -1.74, 5.46, 2136.50, 55.22, 6.68, 101086.74, 0.21, -2.82
10:17:25.95,11.0, 26501.0, 208.0, 63.0, 19.1, 81.300003, 500.0, 1.0, 0.0, 26795.0, 0.0, 4.0, 0.0, 0.0, 0.0, 0.0, 2900.0, 1.0 , 9.51, 0.42, -1.79, 5.45, 2191.50, 55.23, 6.88, 101083.22, 0.22, -2.82
10:17:26.08,11.0, 26501.0, 208.0, 63.0, 19.1, 81.300003, 500.0, 2.0, 0.0, 26795.0, 17.0, 4.0, 0.0, 0.0, 0.0, 0.0, 2900.0, 1.0 , 9.10, -0.86, -2.53, 5.44, 2219.50, 55.24, 6.95, 101075.23, 0.22, -2.83
10:17:26.23,11.0, 26501.0, 208.0, 63.0, 19.1, 81.300003, 500.0, 2.0, 2.0, 26795.0, 0.0, 4.0, 0.0, 0.0, 0.0, 0.0, 2800.0, 1.0 , 9.65, -0.65, -1.59, 5.43, 2187.00, 55.25, 6.78, 101083.95, 0.22, -2.84
10:17:26.37,11.0, 26501.0, 208.0, 63.0, 19.1, 81.300003, 500.0, 2.0, 2.0, 26795.0, 0.0, 4.0, 0.0, 0.0, 0.0, 0.0, 2800.0, 1.0 , 9.17, -0.23, -1.88, 5.42, 2339.75, 55.26, 6.78, 101083.06, 0.22, -2.84
10:17:26.51,11.0, 26503.0, 206.0, 63.0, 19.1, 81.300003, 500.0, 1.0, 0.0, 26795.0, 0.0, 4.0, 0.0, 0.0, 0.0, 0.0, 2800.0, 1.0 , 9.53, 0.18, -1.46, 5.41, 2396.00, 55.25, 6.78, 101081.23, 0.22, -2.85
10:17:26.65,11.0, 26503.0, 206.0, 63.0, 19.1, 81.300003, 250.0, 2.0, 0.0, 26795.0, 0.0, 4.0, 0.0, 0.0, 0.0, 0.0, 2700.0, 1.0 , 9.43, 0.28, -2.50, 5.42, 2383.00, 55.26, 6.71, 101079.50, 0.22, -2.84
10:17:26.79,11.0, 26503.0, 206.0, 63.0, 19.1, 81.300003, 500.0, 1.0, 3.0, 26795.0, 0.0, 4.0, 0.0, 0.0, 0.0, 0.0, 2700.0, 1.0 , 9.57, 1.45, -1.01, 5.41, 2307.50, 55.26, 6.65, 101080.33, 0.22, -2.85
10:17:26.92,11.0, 26503.0, 206.0, 63.0, 19.1, 81.300003, 1750.0, 1.0, 11.0, 26795.0, 0.0, 4.0, 0.0, 0.0, 0.0, 0.0, 2800.0, 1.0 , 8.73, 0.81, -1.11, 5.41, 2347.00, 55.27, 6.81, 101081.23, 0.22, -2.85
10:17:27.07,11.0, 26503.0, 206.0, 63.0, 19.1, 81.300003, 9500.0, 1.0, 10.0, 26795.0, 0.0, 4.0, 0.0, 0.0, 0.0, 0.0, 2800.0, 1.0 , 9.60, 1.36, -2.16, 5.41, 2502.00, 55.28, 6.53, 101082.96, 0.22, -2.85
10:17:27.21,11.0, 26503.0, 206.0, 63.0, 19.1, 81.300003, 14000.0, 1.0, 14.0, 26680.0, 890.0, 4.0, 242.0, 1260.0, 9100.0, 11.0, 2800.0, 1.0 , 7.21, 0.50, -7.16, 5.41, 2577.25, 55.28, 6.59, 101080.33, 0.22, -2.85
10:17:27.36,11.0, 26503.0, 206.0, 63.0, 19.1, 81.300003, 13750.0, 1.0, 12.0, 26450.0, 3954.0, 4.0, 262.0, 580.0, 4200.0, 50.0, 2700.0, 1.0 , 8.51, 0.69, -5.86, 5.41, 2509.75, 55.30, 6.56, 101085.59, 0.22, -2.84
10:17:27.50,11.0, 26503.0, 206.0, 63.0, 19.1, 81.300003, 16750.0, 1.0, 10.0, 25990.0, 12985.0, 4.0, 280.0, 720.0, 5200.0, 92.0, 2700.0, 1.0 , 8.36, -0.69, -4.51, 5.41, 2387.25, 55.31, 6.62, 101082.96, 0.22, -2.84
10:17:27.64,11.0, 26500.0, 205.0, 63.0, 19.1, 81.300003, 17250.0, 1.0, 15.0, 25990.0, 13786.0, 4.0, 290.0, 860.0, 6100.0, 145.0, 2700.0, 1.0 , 7.91, -0.51, -3.58, 5.41, 2374.50, 55.31, 6.65, 101083.86, 0.22, -2.84
10:17:27.79,11.0, 26500.0, 205.0, 63.0, 19.1, 81.300003, 16750.0, 1.0, 22.0, 25875.0, 13377.0, 4.0, 311.0, 940.0, 6700.0, 196.0, 2700.0, 1.0 , 8.63, 0.60, -3.26, 5.41, 2383.75, 55.31, 6.68, 101088.22, 0.21, -2.84
10:17:27.92,11.0, 26500.0, 205.0, 63.0, 19.1, 81.300003, 13000.0, 1.0, 22.0, 25645.0, 14730.0, 4.0, 335.0, 1060.0, 7600.0, 262.0, 2900.0, 1.0 , 13.34, 1.21, -2.13, 5.40, 2397.75, 55.34, 6.75, 101086.42, 0.21, -2.84
10:17:28.10,11.0, 26500.0, 205.0, 63.0, 19.1, 81.300003, 8500.0, 1.0, 22.0, 25760.0, 15211.0, 4.0, 355.0, 1140.0, 8200.0, 325.0, 3100.0, 1.0 , 8.17, -1.00, -2.94, 5.39, 2383.75, 55.33, 6.62, 101081.97, 0.22, -2.85
10:17:28.24,11.0, 26500.0, 205.0, 63.0, 19.1, 81.300003, 2750.0, 1.0, 26.0, 25875.0, 12148.0, 4.0, 351.0, 1240.0, 8800.0, 403.0, 3100.0, 1.0 , 9.33, -0.80, -2.37, 5.39, 2373.75, 55.34, 6.47, 101089.84, 0.21, -2.85
10:17:28.39,11.0, 26500.0, 205.0, 63.0, 19.1, 81.300003, 1500.0, 1.0, 24.0, 26680.0, 641.0, 4.0, 269.0, 1220.0, 8700.0, 472.0, 3800.0, 1.0 , 9.52, -0.65, -2.27, 5.38, 2395.25, 55.35, 6.53, 101086.33, 0.21, -2.86
10:17:28.54,11.0, 26500.0, 205.0, 63.0, 19.1, 81.300003, 5000.0, 1.0, 25.0, 26450.0, 3758.0, 4.0, 374.0, 1540.0, 11000.0, 564.0, 3800.0, 1.0 , 11.63, -0.13, -2.17, 5.38, 2467.00, 55.35, 6.59, 101083.70, 0.22, -2.86
10:17:28.69,11.0, 26500.0, 205.0, 63.0, 19.1, 81.300003, 10000.0, 1.0, 32.0, 26105.0, 8086.0, 4.0, 415.0, 1560.0, 11100.0, 637.0, 5100.0, 1.0 , 9.07, -0.57, -1.84, 5.37, 2509.50, 55.36, 6.56, 101084.53, 0.22, -2.87
10:17:28.83,11.0, 25875.0, 4533.0, 63.0, 19.1, 81.300003, 7750.0, 1.0, 30.0, 26105.0, 9013.0, 4.0, 415.0, 1560.0, 11100.0, 736.0, 5100.0, 1.0 , 9.42, 0.22, -1.30, 5.37, 2559.25, 55.37, 6.56, 101083.59, 0.22, -2.86
10:17:28.98,11.0, 25875.0, 4533.0, 63.0, 19.1, 81.300003, 750.0, 1.0, 27.0, 26105.0, 8763.0, 4.0, 425.0, 1600.0, 11400.0, 837.0, 6100.0, 1.0 , 9.53, -0.37, -2.84, 5.35, 2575.75, 55.37, 6.59, 101093.14, 0.21, -2.88
10:17:29.15,11.0, 25875.0, 4533.0, 63.0, 19.1, 81.300003, 250.0, 1.0, 33.0, 26680.0, 1122.0, 4.0, 332.0, 1560.0, 11100.0, 940.0, 6500.0, 1.0 , 9.16, -0.58, -2.08, 5.35, 2593.00, 55.38, 6.62, 101088.78, 0.21, -2.88
10:17:29.30,11.0, 25875.0, 4533.0, 63.0, 19.1, 81.300003, 250.0, 2.0, 18.0, 26680.0, 374.0, 4.0, 332.0, 1640.0, 11800.0, 1044.0, 6800.0, 1.0 , 9.27, -0.07, -2.37, 5.34, 2603.00, 55.37, 6.56, 101093.94, 0.21, -2.89
10:17:29.47,11.0, 25875.0, 4533.0, 63.0, 19.1, 81.300003, 250.0, 2.0, 24.0, 26795.0, 0.0, 4.0, 0.0, 0.0, 0.0, 1136.0, 7000.0, 1.0 , 9.76, -0.68, -1.94, 5.33, 2609.00, 55.40, 6.62, 101089.52, 0.21, -2.89
10:17:29.60,11.0, 25875.0, 4533.0, 63.0, 19.1, 81.300003, 250.0, 2.0, 24.0, 26795.0, 0.0, 4.0, 0.0, 0.0, 0.0, 1200.0, 7200.0, 1.0 , 9.92, -0.67, -2.38, 5.32, 2603.75, 55.40, 6.47, 101091.25, 0.21, -2.90
10:17:29.74,11.0, 25875.0, 4533.0, 63.0, 19.1, 81.300003, 250.0, 2.0, 24.0, 26795.0, 17.0, 4.0, 0.0, 0.0, 0.0, 1231.0, 7400.0, 1.0 , 8.27, -0.08, -2.04, 5.32, 2629.00, 55.41, 6.53, 101087.69, 0.21, -2.90
10:17:29.88,11.0, 25875.0, 4533.0, 63.0, 19.1, 81.300003, 250.0, 1.0, 12.0, 26795.0, 17.0, 4.0, 0.0, 0.0, 0.0, 1233.0, 7600.0, 1.0 , 9.20, -0.86, -2.23, 5.32, 2720.75, 55.41, 6.41, 101090.31, 0.21, -2.90
10:17:30.02,11.0, 26356.0, 1773.0, 63.0, 19.1, 81.300003, 500.0, 1.0, 12.0, 26795.0, 0.0, 4.0, 0.0, 0.0, 0.0, 1233.0, 7800.0, 1.0 , 8.45, -0.46, -1.11, 5.31, 2776.25, 55.42, 6.53, 101096.41, 0.21, -2.91
10:17:30.17,11.0, 26356.0, 1773.0, 63.0, 19.1, 81.300003, 500.0, 1.0, 15.0, 26795.0, 0.0, 4.0, 0.0, 0.0, 0.0, 1233.0, 7900.0, 1.0 , 8.95, -0.36, -2.24, 5.31, 2905.50, 55.42, 6.65, 101091.16, 0.21, -2.91
10:17:30.31,11.0, 26356.0, 1773.0, 63.0, 19.1, 81.300003, 250.0, 2.0, 0.0, 26795.0, 17.0, 4.0, 0.0, 0.0, 0.0, 1233.0, 8000.0, 1.0 , 8.95, -1.08, -2.17, 5.30, 2966.50, 55.44, 6.53, 101095.51, 0.21, -2.91
10:17:30.47,11.0, 26356.0, 1773.0, 63.0, 19.1, 81.300003, 250.0, 2.0, 6.0, 26795.0, 0.0, 4.0, 0.0, 0.0, 0.0, 1233.0, 8100.0, 1.0 , 8.67, 0.04, -1.74, 5.29, 3010.50, 55.43, 6.59, 101100.66, 0.20, -2.92
10:17:30.62,11.0, 26356.0, 1773.0, 63.0, 19.1, 81.300003, 250.0, 2.0, 7.0, 26795.0, 0.0, 4.0, 0.0, 0.0, 0.0, 1233.0, 8200.0, 1.0 , 9.92, 0.43, -2.16, 5.26, 3014.00, 55.45, 6.62, 101099.67, 0.20, -2.95
10:17:30.75,11.0, 26356.0, 1773.0, 63.0, 19.1, 81.300003, 250.0, 2.0, 8.0, 26795.0, 0.0, 4.0, 0.0, 0.0, 0.0, 1233.0, 8200.0, 1.0 , 16.61, 0.26, -0.03, 5.27, 3027.75, 55.47, 6.53, 101097.97, 0.20, -2.93
10:17:30.88,11.0, 26356.0, 1773.0, 63.0, 19.1, 81.300003, 500.0, 1.0, 0.0, 26795.0, 0.0, 4.0, 0.0, 0.0, 0.0, 1233.0, 8300.0, 1.0 , 8.45, -0.64, -3.64, 5.25, 3050.25, 55.49, 6.47, 101100.50, 0.20, -2.95
10:17:31.01,11.0, 26356.0, 1773.0, 63.0, 19.1, 81.300003, 500.0, 1.0, 4.0, 26795.0, 0.0, 4.0, 0.0, 0.0, 0.0, 1233.0, 8400.0, 1.0 , 9.54, -0.73, -1.71, 5.25, 3238.75, 55.50, 6.56, 101097.87, 0.20, -2.94
10:17:31.15,11.0, 26356.0, 1773.0, 63.0, 19.1, 81.300003, 250.0, 1.0, 5.0, 26795.0, 0.0, 4.0, 0.0, 0.0, 0.0, 1233.0, 8700.0, 1.0 , 9.22, -0.40, -3.51, 5.23, 3337.00, 55.50, 6.56, 101103.86, 0.20, -2.96
10:17:31.28,11.0, 26474.0, 205.0, 63.0, 19.1, 81.300003, 250.0, 2.0, 0.0, 26795.0, 0.0, 4.0, 0.0, 0.0, 0.0, 1233.0, 8900.0, 1.0 , 7.22, -0.36, -2.03, 5.22, 3435.50, 55.52, 6.59, 101104.69, 0.20, -2.97
10:17:31.43,11.0, 26474.0, 205.0, 63.0, 19.1, 81.300003, 250.0, 2.0, 0.0, 26795.0, 0.0, 4.0, 0.0, 0.0, 0.0, 1233.0, 8900.0, 1.0 , 9.72, -1.36, -3.56, 5.20, 3510.25, 55.54, 6.47, 101103.69, 0.20, -2.98
10:17:31.58,11.0, 26474.0, 205.0, 63.0, 19.1, 81.300003, 250.0, 2.0, 0.0, 26795.0, 0.0, 4.0, 0.0, 0.0, 0.0, 1233.0, 9000.0, 1.0 , 8.41, -0.63, -1.32, 5.19, 3561.00, 55.57, 6.65, 101099.27, 0.20, -2.98
10:17:31.74,11.0, 26474.0, 205.0, 63.0, 19.1, 81.300003, 250.0, 2.0, 3.0, 26795.0, 17.0, 4.0, 0.0, 0.0, 0.0, 1233.0, 8800.0, 1.0 , 9.92, -0.58, -0.83, 5.17, 3612.50, 55.57, 7.73, 101104.42, 0.20, -3.00
10:17:31.89,11.0, 26474.0, 205.0, 63.0, 19.1, 81.300003, 250.0, 1.0, 0.0, 26795.0, 17.0, 4.0, 0.0, 0.0, 0.0, 1233.0, 8700.0, 1.0 , 9.21, -1.04, -2.54, 5.16, 3710.75, 55.59, 7.68, 101112.20, 0.19, -3.01
10:17:32.02,11.0, 26474.0, 205.0, 63.0, 19.1, 81.300003, 250.0, 1.0, 0.0, 26795.0, 0.0, 4.0, 0.0, 0.0, 0.0, 1233.0, 8500.0, 1.0 , 8.63, -0.80, -2.11, 5.15, 3752.25, 55.61, 7.55, 101100.80, 0.20, -3.01
10:17:32.14,11.0, 26474.0, 205.0, 63.0, 19.1, 81.300003, 250.0, 1.0, 0.0, 26795.0, 0.0, 4.0, 0.0, 0.0, 0.0, 1233.0, 8500.0, 1.0 , 9.49, -0.85, -2.07, 5.13, 3858.25, 55.63, 7.68, 101091.92, 0.21, -3.03
10:17:32.28,11.0, 26474.0, 205.0, 63.0, 19.1, 81.300003, 250.0, 2.0, 0.0, 26795.0, 0.0, 4.0, 0.0, 0.0, 0.0, 1233.0, 8400.0, 1.0 , 8.37, -0.44, -2.58, 5.13, 3917.50, 55.67, 7.68, 101094.55, 0.21, -3.02
10:17:32.41,11.0, 26478.0, 205.0, 63.0, 19.1, 81.300003, 250.0, 1.0, 0.0, 26795.0, 0.0, 4.0, 0.0, 0.0, 0.0, 1233.0, 8400.0, 1.0 , 8.95, 0.03, -2.52, 5.13, 3961.75, 55.68, 7.83, 101093.66, 0.21, -3.01
