17:27:25.49,23.0, 27905.0, 82.0, 80.0, 24.700001, 104.900002, 500.0, 1.0, 0.0, 28060.0, 0.0, 24.0, 0.0, 0.0, 0.0, 0.0, 0.0, 1.0 , 9.18, -3.51, -1.04, 26.12, 49.75, 13.41, 5.51, 101645.64, -0.29, -4.05
17:27:25.68,23.0, 27905.0, 82.0, 80.0, 24.700001, 104.900002, 500.0, 1.0, 0.0, 28060.0, 0.0, 24.0, 0.0, 0.0, 0.0, 0.0, 0.0, 1.0 , 9.17, -3.43, -1.36, 26.11, 49.75, 13.40, 5.32, 101643.92, -0.29, -4.07
17:27:25.86,23.0, 27905.0, 82.0, 80.0, 24.700001, 104.900002, 500.0, 1.0, 0.0, 28060.0, 0.0, 24.0, 0.0, 0.0, 0.0, 0.0, 0.0, 1.0 , 9.23, -3.51, -1.42, 26.11, 50.50, 13.40, 5.48, 101643.92, -0.29, -4.07
17:27:26.04,23.0, 27896.0, 122.0, 80.0, 24.700001, 104.900002, 500.0, 1.0, 0.0, 28060.0, 0.0, 24.0, 0.0, 0.0, 0.0, 0.0, 0.0, 1.0 , 9.13, -3.42, -1.39, 26.11, 49.75, 13.41, 5.37, 101646.66, -0.29, -4.06
17:27:26.22,23.0, 27896.0, 122.0, 80.0, 24.700001, 104.900002, 500.0, 1.0, 0.0, 28060.0, 0.0, 24.0, 0.0, 0.0, 0.0, 0.0, 0.0, 1.0 , 9.15, -3.32, -1.35, 26.11, 50.75, 13.41, 5.42, 101652.98, -0.30, -4.06
17:27:26.40,23.0, 27896.0, 122.0, 80.0, 24.700001, 104.900002, 500.0, 1.0, 0.0, 28060.0, 0.0, 24.0, 0.0, 0.0, 0.0, 0.0, 0.0, 1.0 , 9.26, -3.42, -1.31, 26.11, 50.00, 13.42, 5.46, 101647.52, -0.29, -4.05
17:27:26.60,23.0, 27896.0, 122.0, 80.0, 24.700001, 104.900002, 500.0, 1.0, 0.0, 28060.0, 0.0, 24.0, 0.0, 0.0, 0.0, 0.0, 0.0, 1.0 , 9.16, -3.44, -1.26, 26.10, 50.75, 13.41, 5.50, 101645.80, -0.29, -4.07
17:27:26.78,23.0, 27896.0, 122.0, 80.0, 24.700001, 104.900002, 500.0, 1.0, 0.0, 28060.0, 0.0, 24.0, 0.0, 0.0, 0.0, 0.0, 0.0, 1.0 , 9.35, -3.47, -1.19, 26.11, 50.00, 13.42, 5.42, 101650.25, -0.29, -4.05
17:27:26.96,23.0, 27896.0, 122.0, 80.0, 24.700001, 104.900002, 500.0, 1.0, 0.0, 28060.0, 0.0, 24.0, 0.0, 0.0, 0.0, 0.0, 0.0, 1.0 , 9.26, -3.41, -1.52, 26.12, 50.75, 13.41, 5.41, 101648.38, -0.29, -4.05
17:27:27.16,23.0, 27896.0, 122.0, 80.0, 24.700001, 104.900002, 500.0, 1.0, 0.0, 28060.0, 0.0, 24.0, 0.0, 0.0, 0.0, 0.0, 0.0, 1.0 , 9.13, -3.38, -1.35, 26.11, 49.50, 13.42, 5.57, 101644.78, -0.29, -4.05
17:27:27.39,23.0, 27896.0, 122.0, 80.0, 24.700001, 104.900002, 500.0, 1.0, 0.0, 28060.0, 0.0, 24.0, 0.0, 0.0, 0.0, 0.0, 0.0, 1.0 , 9.19, -3.40, -1.68, 26.13, 49.75, 13.42, 5.42, 101644.63, -0.29, -4.03
17:27:27.57,23.0, 27896.0, 122.0, 80.0, 24.700001, 104.900002, 500.0, 1.0, 0.0, 28060.0, 0.0, 24.0, 0.0, 0.0, 0.0, 0.0, 0.0, 1.0 , 9.12, -3.44, -1.41, 26.12, 51.00, 13.44, 5.44, 101648.38, -0.29, -4.02
17:27:27.76,23.0, 27896.0, 122.0, 80.0, 24.700001, 104.900002, 500.0, 1.0, 0.0, 28060.0, 0.0, 24.0, 0.0, 0.0, 0.0, 0.0, 0.0, 1.0 , 9.09, -3.40, -1.34, 26.11, 49.75, 13.44, 5.41, 101652.98, -0.30, -4.03
17:27:27.93,23.0, 27896.0, 122.0, 80.0, 24.700001, 104.900002, 500.0, 1.0, 0.0, 28060.0, 0.0, 24.0, 0.0, 0.0, 0.0, 0.0, 0.0, 1.0 , 9.19, -3.38, -1.40, 26.12, 49.75, 13.44, 5.46, 101649.23, -0.29, -4.02
17:27:28.10,23.0, 27896.0, 122.0, 80.0, 24.700001, 104.900002, 500.0, 1.0, 0.0, 28060.0, 0.0, 24.0, 0.0, 0.0, 0.0, 0.0, 0.0, 1.0 , 9.14, -3.35, -1.66, 26.12, 49.75, 13.43, 5.50, 101648.38, -0.29, -4.03
17:27:28.28,23.0, 27896.0, 122.0, 80.0, 24.700001, 104.900002, 500.0, 1.0, 0.0, 28060.0, 0.0, 24.0, 0.0, 0.0, 0.0, 0.0, 0.0, 1.0 , 9.20, -3.37, -1.39, 26.11, 50.25, 13.45, 5.29, 101642.05, -0.29, -4.02
17:27:28.47,23.0, 27896.0, 122.0, 80.0, 24.700001, 104.900002, 500.0, 1.0, 0.0, 28060.0, 0.0, 24.0, 0.0, 0.0, 0.0, 0.0, 0.0, 1.0 , 9.10, -3.33, -1.66, 26.11, 50.00, 13.45, 5.39, 101652.98, -0.30, -4.02
17:27:28.66,23.0, 27896.0, 122.0, 80.0, 24.700001, 104.900002, 500.0, 1.0, 0.0, 28060.0, 0.0, 24.0, 0.0, 0.0, 0.0, 0.0, 0.0, 1.0 , 8.99, -3.48, -1.04, 26.11, 51.00, 13.46, 5.39, 101644.78, -0.29, -4.01
17:27:28.87,23.0, 27896.0, 122.0, 80.0, 24.700001, 104.900002, 500.0, 1.0, 0.0, 28060.0, 0.0, 24.0, 0.0, 0.0, 0.0, 0.0, 0.0, 1.0 , 9.16, -3.37, -1.34, 26.12, 49.75, 13.47, 5.42, 101643.77, -0.29, -3.99
17:27:29.06,23.0, 27896.0, 122.0, 80.0, 24.700001, 104.900002, 500.0, 1.0, 0.0, 28060.0, 0.0, 24.0, 0.0, 0.0, 0.0, 0.0, 0.0, 1.0 , 9.04, -3.35, -1.34, 26.11, 50.25, 13.48, 5.46, 101642.05, -0.29, -3.99
17:27:29.24,23.0, 27896.0, 122.0, 80.0, 24.700001, 104.900002, 500.0, 1.0, 0.0, 28060.0, 0.0, 24.0, 0.0, 0.0, 0.0, 0.0, 0.0, 1.0 , 9.22, -3.41, -1.41, 26.12, 50.00, 13.50, 5.29, 101640.16, -0.28, -3.96
17:27:29.44,23.0, 27896.0, 122.0, 80.0, 24.700001, 104.900002, 500.0, 1.0, 0.0, 28060.0, 0.0, 24.0, 0.0, 0.0, 0.0, 0.0, 0.0, 1.0 , 9.45, -3.36, -1.40, 26.12, 50.00, 13.50, 5.46, 101646.50, -0.29, -3.96
17:27:29.64,23.0, 27894.0, 122.0, 80.0, 24.700001, 104.900002, 500.0, 1.0, 0.0, 28060.0, 0.0, 24.0, 0.0, 0.0, 0.0, 0.0, 0.0, 1.0 , 9.18, -3.42, -1.34, 26.12, 49.75, 13.51, 5.50, 101651.98, -0.29, -3.95
17:27:29.84,23.0, 27894.0, 122.0, 80.0, 24.700001, 104.900002, 500.0, 1.0, 0.0, 28060.0, 0.0, 24.0, 0.0, 0.0, 0.0, 0.0, 0.0, 1.0 , 9.19, -3.40, -1.33, 26.12, 49.75, 13.51, 5.42, 101640.16, -0.28, -3.95
17:27:30.08,23.0, 27894.0, 122.0, 80.0, 24.700001, 104.900002, 500.0, 1.0, 0.0, 28060.0, 0.0, 24.0, 0.0, 0.0, 0.0, 0.0, 0.0, 1.0 , 9.34, -3.46, -1.53, 26.11, 50.25, 13.52, 5.46, 101641.18, -0.28, -3.95
17:27:30.25,23.0, 27894.0, 122.0, 80.0, 24.700001, 104.900002, 500.0, 1.0, 0.0, 28060.0, 0.0, 24.0, 0.0, 0.0, 0.0, 0.0, 0.0, 1.0 , 9.15, -3.42, -1.20, 26.11, 49.75, 13.52, 5.53, 101639.30, -0.28, -3.95
17:27:30.41,23.0, 27894.0, 122.0, 80.0, 24.700001, 104.900002, 500.0, 1.0, 0.0, 28060.0, 0.0, 24.0, 0.0, 0.0, 0.0, 0.0, 0.0, 1.0 , 9.20, -3.50, -1.29, 26.11, 50.00, 13.52, 5.41, 101650.25, -0.29, -3.95
17:27:30.64,23.0, 27894.0, 122.0, 80.0, 24.700001, 104.900002, 500.0, 1.0, 0.0, 28060.0, 0.0, 24.0, 0.0, 0.0, 0.0, 0.0, 0.0, 1.0 , 9.17, -3.38, -1.38, 26.12, 50.50, 13.53, 5.35, 101651.11, -0.29, -3.93
17:27:30.83,23.0, 27892.0, 122.0, 80.0, 24.700001, 104.900002, 500.0, 1.0, 0.0, 28060.0, 0.0, 24.0, 0.0, 0.0, 0.0, 0.0, 0.0, 1.0 , 9.22, -3.35, -1.49, 26.11, 49.75, 13.52, 5.37, 101646.66, -0.29, -3.95
17:27:31.01,23.0, 27892.0, 122.0, 80.0, 24.700001, 104.900002, 500.0, 1.0, 0.0, 28060.0, 0.0, 24.0, 0.0, 0.0, 0.0, 0.0, 0.0, 1.0 , 9.15, -3.34, -1.27, 26.11, 50.00, 13.53, 5.34, 101639.30, -0.28, -3.94
17:27:31.20,23.0, 27892.0, 122.0, 80.0, 24.700001, 104.900002, 500.0, 1.0, 0.0, 28060.0, 0.0, 24.0, 0.0, 0.0, 0.0, 0.0, 0.0, 1.0 , 9.29, -3.45, -1.23, 26.11, 50.50, 13.53, 5.46, 101642.05, -0.29, -3.94
17:27:31.41,23.0, 27892.0, 122.0, 80.0, 24.700001, 104.900002, 500.0, 1.0, 0.0, 28060.0, 0.0, 24.0, 0.0, 0.0, 0.0, 0.0, 0.0, 1.0 , 9.37, -3.35, -1.47, 26.11, 50.00, 13.52, 5.61, 101652.98, -0.30, -3.95
17:27:31.60,23.0, 27892.0, 122.0, 80.0, 24.700001, 104.900002, 500.0, 1.0, 0.0, 28060.0, 0.0, 24.0, 0.0, 0.0, 0.0, 0.0, 0.0, 1.0 , 9.07, -3.30, -1.46, 26.12, 50.50, 13.51, 5.37, 101645.64, -0.29, -3.95
17:27:31.77,23.0, 27892.0, 122.0, 80.0, 24.700001, 104.900002, 500.0, 1.0, 0.0, 28060.0, 0.0, 24.0, 0.0, 0.0, 0.0, 0.0, 0.0, 1.0 , 9.20, -3.45, -1.38, 26.12, 49.50, 13.51, 5.53, 101653.85, -0.30, -3.95
17:27:31.95,23.0, 27893.0, 122.0, 80.0, 24.700001, 104.900002, 500.0, 1.0, 0.0, 28060.0, 0.0, 24.0, 0.0, 0.0, 0.0, 0.0, 0.0, 1.0 , 9.25, -3.45, -1.44, 26.11, 50.00, 13.50, 5.41, 101652.98, -0.30, -3.97
17:27:32.17,23.0, 27893.0, 122.0, 80.0, 24.700001, 104.900002, 500.0, 1.0, 0.0, 28060.0, 0.0, 24.0, 0.0, 0.0, 0.0, 0.0, 0.0, 1.0 , 9.14, -3.39, -1.29, 26.11, 50.00, 13.50, 5.41, 101652.98, -0.30, -3.97
17:27:32.35,23.0, 27893.0, 122.0, 80.0, 24.700001, 104.900002, 500.0, 1.0, 0.0, 28060.0, 0.0, 24.0, 0.0, 0.0, 0.0, 0.0, 0.0, 1.0 , 9.02, -3.38, -1.05, 26.12, 49.75, 13.50, 5.46, 101645.64, -0.29, -3.96
17:27:32.55,23.0, 27893.0, 122.0, 80.0, 24.700001, 104.900002, 500.0, 1.0, 0.0, 28060.0, 0.0, 24.0, 0.0, 0.0, 0.0, 0.0, 0.0, 1.0 , 9.16, -3.36, -1.78, 26.11, 49.75, 13.50, 5.37, 101647.52, -0.29, -3.97
17:27:32.74,23.0, 27893.0, 122.0, 80.0, 24.700001, 104.900002, 500.0, 1.0, 0.0, 28060.0, 0.0, 24.0, 0.0, 0.0, 0.0, 0.0, 0.0, 1.0 , 9.15, -3.36, -1.36, 26.12, 49.75, 13.49, 5.37, 101648.38, -0.29, -3.97
17:27:32.93,23.0, 27893.0, 122.0, 80.0, 24.700001, 104.900002, 500.0, 1.0, 0.0, 28060.0, 0.0, 24.0, 0.0, 0.0, 0.0, 0.0, 0.0, 1.0 , 9.05, -3.46, -1.35, 26.12, 50.00, 13.48, 5.42, 101653.85, -0.30, -3.98
17:27:33.13,23.0, 27893.0, 122.0, 80.0, 24.700001, 104.900002, 500.0, 1.0, 0.0, 28060.0, 0.0, 24.0, 0.0, 0.0, 0.0, 0.0, 0.0, 1.0 , 9.13, -3.42, -1.28, 26.11, 50.50, 13.48, 5.37, 101644.78, -0.29, -3.99
17:27:33.31,23.0, 27896.0, 122.0, 80.0, 24.700001, 104.900002, 500.0, 1.0, 0.0, 28060.0, 0.0, 24.0, 0.0, 0.0, 0.0, 0.0, 0.0, 1.0 , 8.98, -3.35, -1.24, 26.12, 50.25, 13.47, 5.51, 101646.50, -0.29, -3.99
17:27:33.49,23.0, 27896.0, 122.0, 80.0, 24.700001, 104.900002, 500.0, 1.0, 0.0, 28060.0, 0.0, 24.0, 0.0, 0.0, 0.0, 0.0, 0.0, 1.0 , 9.17, -3.49, -1.30, 26.12, 50.50, 13.47, 5.39, 101651.98, -0.29, -3.99
17:27:33.68,23.0, 27896.0, 122.0, 80.0, 24.700001, 104.900002, 500.0, 1.0, 0.0, 28060.0, 0.0, 24.0, 0.0, 0.0, 0.0, 0.0, 0.0, 1.0 , 9.12, -3.35, -1.44, 26.11, 49.75, 13.46, 5.48, 101636.57, -0.28, -4.01
17:27:33.87,23.0, 27896.0, 122.0, 80.0, 24.700001, 104.900002, 500.0, 1.0, 0.0, 28060.0, 0.0, 24.0, 0.0, 0.0, 0.0, 0.0, 0.0, 1.0 , 9.21, -3.37, -1.37, 26.12, 50.50, 13.47, 5.46, 101653.85, -0.30, -3.99
17:27:34.10,23.0, 27896.0, 122.0, 80.0, 24.700001, 104.900002, 500.0, 1.0, 0.0, 28060.0, 0.0, 24.0, 0.0, 0.0, 0.0, 0.0, 0.0, 1.0 , 9.15, -3.38, -1.35, 26.12, 49.75, 13.46, 5.41, 101648.38, -0.29, -4.00
17:27:34.31,23.0, 27896.0, 122.0, 80.0, 24.700001, 104.900002, 500.0, 1.0, 0.0, 28060.0, 0.0, 24.0, 0.0, 0.0, 0.0, 0.0, 0.0, 1.0 , 9.06, -3.35, -1.37, 26.12, 49.50, 13.46, 5.50, 101653.85, -0.30, -4.00
17:27:34.49,23.0, 27892.0, 122.0, 80.0, 24.700001, 104.900002, 500.0, 1.0, 0.0, 28060.0, 0.0, 24.0, 0.0, 0.0, 0.0, 0.0, 0.0, 1.0 , 9.19, -3.38, -1.40, 26.12, 50.00, 13.46, 5.41, 101649.23, -0.29, -4.00
17:27:34.69,23.0, 27892.0, 122.0, 80.0, 24.700001, 104.900002, 500.0, 1.0, 0.0, 28060.0, 0.0, 24.0, 0.0, 0.0, 0.0, 0.0, 0.0, 1.0 , 9.17, -3.41, -1.34, 26.12, 50.75, 13.46, 5.44, 101653.85, -0.30, -4.00
17:27:34.86,23.0, 27892.0, 122.0, 80.0, 24.700001, 104.900002, 500.0, 1.0, 0.0, 28060.0, 0.0, 24.0, 0.0, 0.0, 0.0, 0.0, 0.0, 1.0 , 9.20, -3.38, -1.38, 26.12, 49.50, 13.46, 5.44, 101651.98, -0.29, -4.00
17:27:35.04,23.0, 27892.0, 122.0, 80.0, 24.700001, 104.900002, 500.0, 1.0, 0.0, 28060.0, 0.0, 24.0, 0.0, 0.0, 0.0, 0.0, 0.0, 1.0 , 9.16, -3.40, -1.36, 26.13, 50.50, 13.44, 5.42, 101647.36, -0.29, -4.01
17:27:35.25,23.0, 27892.0, 122.0, 80.0, 24.700001, 104.900002, 500.0, 1.0, 0.0, 28060.0, 0.0, 24.0, 0.0, 0.0, 0.0, 0.0, 0.0, 1.0 , 9.14, -3.45, -1.50, 26.12, 49.50, 13.44, 5.39, 101654.72, -0.30, -4.02
17:27:35.43,23.0, 27892.0, 122.0, 80.0, 24.700001, 104.900002, 500.0, 1.0, 0.0, 28060.0, 0.0, 24.0, 0.0, 0.0, 0.0, 0.0, 0.0, 1.0 , 9.16, -3.28, -1.56, 26.12, 49.50, 13.44, 5.44, 101643.77, -0.29, -4.02
17:27:35.63,23.0, 27894.0, 122.0, 80.0, 24.700001, 104.900002, 500.0, 1.0, 0.0, 28060.0, 0.0, 24.0, 0.0, 0.0, 0.0, 0.0, 0.0, 1.0 , 9.15, -3.41, -1.50, 26.12, 51.00, 13.44, 5.41, 101651.11, -0.29, -4.02
17:27:35.81,23.0, 27894.0, 122.0, 80.0, 24.700001, 104.900002, 500.0, 1.0, 0.0, 28060.0, 0.0, 24.0, 0.0, 0.0, 0.0, 0.0, 0.0, 1.0 , 9.26, -3.39, -1.26, 26.11, 49.75, 13.43, 5.39, 101641.18, -0.28, -4.04
17:27:36.01,23.0, 27894.0, 122.0, 80.0, 24.700001, 104.900002, 500.0, 1.0, 0.0, 28060.0, 0.0, 24.0, 0.0, 0.0, 0.0, 0.0, 0.0, 1.0 , 9.20, -3.23, -1.48, 26.12, 50.00, 13.44, 5.48, 101643.77, -0.29, -4.02
17:27:36.21,23.0, 27894.0, 122.0, 80.0, 24.700001, 104.900002, 500.0, 1.0, 0.0, 28060.0, 0.0, 24.0, 0.0, 0.0, 0.0, 0.0, 0.0, 1.0 , 9.17, -3.38, -1.31, 26.12, 49.50, 13.42, 5.44, 101651.98, -0.29, -4.04
17:27:36.42,23.0, 27894.0, 122.0, 80.0, 24.700001, 104.900002, 500.0, 1.0, 0.0, 28060.0, 0.0, 24.0, 0.0, 0.0, 0.0, 0.0, 0.0, 1.0 , 9.20, -3.33, -1.36, 26.12, 51.25, 13.43, 5.46, 101646.50, -0.29, -4.03
17:27:36.63,23.0, 27894.0, 122.0, 80.0, 24.700001, 104.900002, 500.0, 1.0, 0.0, 28060.0, 0.0, 24.0, 0.0, 0.0, 0.0, 0.0, 0.0, 1.0 , 9.06, -3.40, -1.33, 26.11, 50.00, 13.42, 5.39, 101644.78, -0.29, -4.05
17:27:36.80,23.0, 27889.0, 120.0, 80.0, 24.700001, 104.900002, 500.0, 1.0, 0.0, 28060.0, 0.0, 24.0, 0.0, 0.0, 0.0, 0.0, 0.0, 1.0 , 9.21, -3.37, -1.33, 26.12, 50.50, 13.44, 5.41, 101651.11, -0.29, -4.02
17:27:37.00,23.0, 27889.0, 120.0, 80.0, 24.700001, 104.900002, 500.0, 1.0, 0.0, 28060.0, 0.0, 24.0, 0.0, 0.0, 0.0, 0.0, 0.0, 1.0 , 9.23, -3.40, -1.64, 26.12, 49.75, 13.44, 5.39, 101646.50, -0.29, -4.02
17:27:37.19,23.0, 27889.0, 120.0, 80.0, 24.700001, 104.900002, 500.0, 1.0, 0.0, 28060.0, 0.0, 24.0, 0.0, 0.0, 0.0, 0.0, 0.0, 1.0 , 8.98, -3.38, -1.54, 26.11, 49.50, 13.42, 5.55, 101652.98, -0.30, -4.05
17:27:37.36,23.0, 27889.0, 120.0, 80.0, 24.700001, 104.900002, 500.0, 1.0, 0.0, 28060.0, 0.0, 24.0, 0.0, 0.0, 0.0, 0.0, 0.0, 1.0 , 9.22, -3.42, -1.57, 26.12, 50.25, 13.41, 5.44, 101654.72, -0.30, -4.05
17:27:37.53,23.0, 27889.0, 120.0, 80.0, 24.700001, 104.900002, 500.0, 1.0, 0.0, 28060.0, 0.0, 24.0, 0.0, 0.0, 0.0, 0.0, 0.0, 1.0 , 9.33, -3.27, -1.72, 26.11, 50.00, 13.41, 5.42, 101642.05, -0.29, -4.06
17:27:37.75,23.0, 27889.0, 120.0, 80.0, 24.700001, 104.900002, 500.0, 1.0, 0.0, 28060.0, 0.0, 24.0, 0.0, 0.0, 0.0, 0.0, 0.0, 1.0 , 9.29, -3.35, -1.09, 26.13, 50.00, 13.41, 5.37, 101647.36, -0.29, -4.04
17:27:37.93,23.0, 27889.0, 120.0, 80.0, 24.700001, 104.900002, 500.0, 1.0, 0.0, 28060.0, 0.0, 24.0, 0.0, 0.0, 0.0, 0.0, 0.0, 1.0 , 9.22, -3.37, -1.28, 26.12, 49.75, 13.41, 5.44, 101649.23, -0.29, -4.05
17:27:38.12,23.0, 27892.0, 120.0, 80.0, 24.700001, 104.900002, 500.0, 1.0, 0.0, 28060.0, 0.0, 24.0, 0.0, 0.0, 0.0, 0.0, 0.0, 1.0 , 9.22, -3.34, -1.07, 26.12, 50.50, 13.42, 5.35, 101642.91, -0.29, -4.04
17:27:38.30,23.0, 27892.0, 120.0, 80.0, 24.700001, 104.900002, 500.0, 1.0, 0.0, 28060.0, 0.0, 24.0, 0.0, 0.0, 0.0, 0.0, 0.0, 1.0 , 9.27, -3.50, -1.21, 26.12, 49.75, 13.41, 5.42, 101649.23, -0.29, -4.05
17:27:38.51,23.0, 27892.0, 120.0, 80.0, 24.700001, 104.900002, 500.0, 1.0, 0.0, 28060.0, 0.0, 24.0, 0.0, 0.0, 0.0, 0.0, 0.0, 1.0 , 9.22, -3.41, -1.25, 26.12, 50.00, 13.41, 5.46, 101646.50, -0.29, -4.05
17:27:38.70,23.0, 27892.0, 120.0, 80.0, 24.700001, 104.900002, 500.0, 1.0, 0.0, 28060.0, 0.0, 24.0, 0.0, 0.0, 0.0, 0.0, 0.0, 1.0 , 9.18, -3.27, -1.36, 26.12, 50.25, 13.40, 5.55, 101648.38, -0.29, -4.06
17:27:38.90,23.0, 27892.0, 120.0, 80.0, 24.700001, 104.900002, 500.0, 1.0, 0.0, 28060.0, 0.0, 24.0, 0.0, 0.0, 0.0, 0.0, 0.0, 1.0 , 9.18, -3.32, -1.56, 26.13, 50.00, 13.40, 5.51, 101652.84, -0.30, -4.05
17:27:39.09,23.0, 27892.0, 120.0, 80.0, 24.700001, 104.900002, 500.0, 1.0, 0.0, 28060.0, 0.0, 24.0, 0.0, 0.0, 0.0, 0.0, 0.0, 1.0 , 9.16, -3.39, -1.38, 26.11, 49.75, 13.40, 5.41, 101644.78, -0.29, -4.07
17:27:39.28,23.0, 27890.0, 120.0, 80.0, 24.700001, 104.900002, 500.0, 1.0, 0.0, 28060.0, 0.0, 24.0, 0.0, 0.0, 0.0, 0.0, 0.0, 1.0 , 9.03, -3.28, -1.29, 26.11, 50.00, 13.39, 5.39, 101647.52, -0.29, -4.08
17:27:39.49,23.0, 27890.0, 120.0, 80.0, 24.700001, 104.900002, 500.0, 1.0, 0.0, 28060.0, 0.0, 24.0, 0.0, 0.0, 0.0, 0.0, 0.0, 1.0 , 9.14, -3.35, -1.72, 26.12, 50.25, 13.40, 5.41, 101648.38, -0.29, -4.06
17:27:39.68,23.0, 27890.0, 120.0, 80.0, 24.700001, 104.900002, 500.0, 1.0, 0.0, 28060.0, 0.0, 24.0, 0.0, 0.0, 0.0, 0.0, 0.0, 1.0 , 9.24, -3.35, -1.71, 26.13, 49.50, 13.41, 5.37, 101652.84, -0.30, -4.04
17:27:39.89,23.0, 27890.0, 120.0, 80.0, 24.700001, 104.900002, 500.0, 1.0, 0.0, 28060.0, 0.0, 24.0, 0.0, 0.0, 0.0, 0.0, 0.0, 1.0 , 9.17, -3.41, -1.33, 26.13, 50.00, 13.41, 5.44, 101655.58, -0.30, -4.04
17:27:40.07,23.0, 27890.0, 120.0, 80.0, 24.700001, 104.900002, 500.0, 1.0, 0.0, 28060.0, 0.0, 24.0, 0.0, 0.0, 0.0, 0.0, 0.0, 1.0 , 9.00, -3.29, -1.33, 26.12, 50.25, 13.40, 5.39, 101642.91, -0.29, -4.06
17:27:40.27,23.0, 27890.0, 120.0, 80.0, 24.700001, 104.900002, 500.0, 1.0, 0.0, 28060.0, 0.0, 24.0, 0.0, 0.0, 0.0, 0.0, 0.0, 1.0 , 9.33, -3.39, -1.42, 26.12, 50.00, 13.40, 5.29, 101651.98, -0.29, -4.06
17:27:40.43,23.0, 27894.0, 120.0, 80.0, 24.700001, 104.900002, 500.0, 1.0, 0.0, 28060.0, 0.0, 24.0, 0.0, 0.0, 0.0, 0.0, 0.0, 1.0 , 9.04, -3.49, -1.44, 26.12, 50.25, 13.40, 5.51, 101654.72, -0.30, -4.06
17:27:40.65,23.0, 27894.0, 120.0, 80.0, 24.700001, 104.900002, 500.0, 1.0, 0.0, 28060.0, 0.0, 24.0, 0.0, 0.0, 0.0, 0.0, 0.0, 1.0 , 9.28, -3.42, -1.17, 26.12, 50.00, 13.39, 5.53, 101654.72, -0.30, -4.07
17:27:40.86,23.0, 27894.0, 120.0, 80.0, 24.700001, 104.900002, 500.0, 1.0, 0.0, 28060.0, 0.0, 24.0, 0.0, 0.0, 0.0, 0.0, 0.0, 1.0 , 9.19, -3.39, -1.48, 26.12, 50.25, 13.39, 5.41, 101657.45, -0.30, -4.07
17:27:41.03,23.0, 27894.0, 120.0, 80.0, 24.700001, 104.900002, 500.0, 1.0, 0.0, 28060.0, 0.0, 24.0, 0.0, 0.0, 0.0, 0.0, 0.0, 1.0 , 9.13, -3.48, -1.36, 26.13, 49.75, 13.40, 5.41, 101655.58, -0.30, -4.05
17:27:41.23,23.0, 27894.0, 120.0, 80.0, 24.700001, 104.900002, 500.0, 1.0, 0.0, 28060.0, 0.0, 24.0, 0.0, 0.0, 0.0, 0.0, 0.0, 1.0 , 9.25, -3.32, -1.21, 26.12, 49.75, 13.40, 5.48, 101648.38, -0.29, -4.06
17:27:41.41,23.0, 27894.0, 120.0, 80.0, 24.700001, 104.900002, 500.0, 1.0, 0.0, 28060.0, 0.0, 24.0, 0.0, 0.0, 0.0, 0.0, 0.0, 1.0 , 9.26, -3.36, -1.44, 26.12, 51.00, 13.39, 5.39, 101651.11, -0.29, -4.07
17:27:41.59,23.0, 27893.0, 120.0, 80.0, 24.700001, 104.900002, 500.0, 1.0, 0.0, 28060.0, 0.0, 24.0, 0.0, 0.0, 0.0, 0.0, 0.0, 1.0 , 9.17, -3.35, -1.25, 26.11, 50.25, 13.39, 5.42, 101644.78, -0.29, -4.08
17:27:41.76,23.0, 27893.0, 120.0, 80.0, 24.700001, 104.900002, 500.0, 1.0, 0.0, 28060.0, 0.0, 24.0, 0.0, 0.0, 0.0, 0.0, 0.0, 1.0 , 9.27, -3.34, -1.34, 26.12, 49.75, 13.40, 5.41, 101651.11, -0.29, -4.06
17:27:41.96,23.0, 27893.0, 120.0, 80.0, 24.700001, 104.900002, 500.0, 1.0, 0.0, 28060.0, 0.0, 24.0, 0.0, 0.0, 0.0, 0.0, 0.0, 1.0 , 8.93, -3.32, -1.32, 26.11, 49.75, 13.41, 5.37, 101647.52, -0.29, -4.06
17:27:42.12,23.0, 27893.0, 120.0, 80.0, 24.700001, 104.900002, 500.0, 1.0, 0.0, 28060.0, 0.0, 24.0, 0.0, 0.0, 0.0, 0.0, 0.0, 1.0 , 8.96, -3.32, -1.18, 26.11, 50.25, 13.40, 5.53, 101652.12, -0.29, -4.07
17:27:42.32,23.0, 27893.0, 120.0, 80.0, 24.700001, 104.900002, 500.0, 1.0, 0.0, 28060.0, 0.0, 24.0, 0.0, 0.0, 0.0, 0.0, 0.0, 1.0 , 9.15, -3.43, -1.11, 26.11, 50.00, 13.41, 5.46, 101647.52, -0.29, -4.06
17:27:42.52,23.0, 27893.0, 120.0, 80.0, 24.700001, 104.900002, 500.0, 1.0, 0.0, 28060.0, 0.0, 24.0, 0.0, 0.0, 0.0, 0.0, 0.0, 1.0 , 9.18, -3.44, -1.29, 26.12, 49.75, 13.41, 5.46, 101651.11, -0.29, -4.05
17:27:42.71,23.0, 27893.0, 120.0, 80.0, 24.700001, 104.900002, 500.0, 1.0, 0.0, 28060.0, 0.0, 24.0, 0.0, 0.0, 0.0, 0.0, 0.0, 1.0 , 9.28, -3.41, -1.25, 26.12, 49.75, 13.39, 5.42, 101653.85, -0.30, -4.07
17:27:42.88,23.0, 27892.0, 120.0, 80.0, 24.700001, 104.900002, 500.0, 1.0, 0.0, 28060.0, 0.0, 24.0, 0.0, 0.0, 0.0, 0.0, 0.0, 1.0 , 9.35, -3.47, -1.38, 26.12, 50.00, 13.41, 5.42, 101654.72, -0.30, -4.05
17:27:43.08,23.0, 27892.0, 120.0, 80.0, 24.700001, 104.900002, 500.0, 1.0, 0.0, 28060.0, 0.0, 24.0, 0.0, 0.0, 0.0, 0.0, 0.0, 1.0 , 9.16, -3.36, -1.67, 26.12, 49.75, 13.41, 5.42, 101649.23, -0.29, -4.05
17:27:43.25,23.0, 27892.0, 120.0, 80.0, 24.700001, 104.900002, 500.0, 1.0, 0.0, 28060.0, 0.0, 24.0, 0.0, 0.0, 0.0, 0.0, 0.0, 1.0 , 9.33, -3.39, -1.41, 26.11, 50.25, 13.41, 5.44, 101644.78, -0.29, -4.06
17:27:43.47,23.0, 27892.0, 120.0, 80.0, 24.700001, 104.900002, 500.0, 1.0, 0.0, 28060.0, 0.0, 24.0, 0.0, 0.0, 0.0, 0.0, 0.0, 1.0 , 9.21, -3.39, -1.40, 26.12, 49.75, 13.41, 5.50, 101654.72, -0.30, -4.05
17:27:43.67,23.0, 27892.0, 120.0, 80.0, 24.700001, 104.900002, 500.0, 1.0, 0.0, 28060.0, 0.0, 24.0, 0.0, 0.0, 0.0, 0.0, 0.0, 1.0 , 9.09, -3.43, -1.18, 26.12, 49.75, 13.42, 5.42, 101654.72, -0.30, -4.04
17:27:43.85,23.0, 27892.0, 120.0, 80.0, 24.700001, 104.900002, 500.0, 1.0, 0.0, 28060.0, 0.0, 24.0, 0.0, 0.0, 0.0, 0.0, 0.0, 1.0 , 9.34, -3.40, -1.29, 26.12, 50.00, 13.42, 5.44, 101645.64, -0.29, -4.04
17:27:44.05,23.0, 27892.0, 120.0, 80.0, 24.700001, 104.900002, 500.0, 1.0, 0.0, 28060.0, 0.0, 24.0, 0.0, 0.0, 0.0, 0.0, 0.0, 1.0 , 9.17, -3.34, -1.17, 26.13, 49.75, 13.41, 5.42, 101647.36, -0.29, -4.04
17:27:44.23,23.0, 27892.0, 120.0, 80.0, 24.700001, 104.900002, 500.0, 1.0, 0.0, 28060.0, 0.0, 24.0, 0.0, 0.0, 0.0, 0.0, 0.0, 1.0 , 9.20, -3.40, -1.53, 26.13, 49.75, 13.42, 5.37, 101648.22, -0.29, -4.03
17:27:44.43,23.0, 27892.0, 120.0, 80.0, 24.700001, 104.900002, 500.0, 1.0, 0.0, 28060.0, 0.0, 24.0, 0.0, 0.0, 0.0, 0.0, 0.0, 1.0 , 9.18, -3.41, -0.99, 26.12, 49.75, 13.42, 5.37, 101654.72, -0.30, -4.04
17:27:44.62,23.0, 27892.0, 120.0, 80.0, 24.700001, 104.900002, 500.0, 1.0, 0.0, 28060.0, 0.0, 24.0, 0.0, 0.0, 0.0, 0.0, 0.0, 1.0 , 9.27, -3.44, -1.50, 26.12, 49.50, 13.42, 5.50, 101651.11, -0.29, -4.04
17:27:44.81,23.0, 27892.0, 120.0, 80.0, 24.700001, 104.900002, 500.0, 1.0, 0.0, 28060.0, 0.0, 24.0, 0.0, 0.0, 0.0, 0.0, 0.0, 1.0 , 9.17, -3.38, -1.32, 26.11, 49.75, 13.42, 5.39, 101650.25, -0.29, -4.05
17:27:45.00,23.0, 27892.0, 120.0, 80.0, 24.700001, 104.900002, 500.0, 1.0, 0.0, 28060.0, 0.0, 24.0, 0.0, 0.0, 0.0, 0.0, 0.0, 1.0 , 9.11, -3.30, -1.68, 26.12, 49.75, 13.43, 5.42, 101649.23, -0.29, -4.03
17:27:45.17,23.0, 27892.0, 120.0, 80.0, 24.700001, 104.900002, 500.0, 1.0, 0.0, 28060.0, 0.0, 24.0, 0.0, 0.0, 0.0, 0.0, 0.0, 1.0 , 9.10, -3.45, -0.97, 26.12, 50.00, 13.43, 5.41, 101651.98, -0.29, -4.03
17:27:45.36,23.0, 27892.0, 120.0, 80.0, 24.700001, 104.900002, 500.0, 1.0, 0.0, 28060.0, 0.0, 24.0, 0.0, 0.0, 0.0, 0.0, 0.0, 1.0 , 9.21, -3.38, -1.66, 26.13, 50.00, 13.44, 5.42, 101645.48, -0.29, -4.01
17:27:45.54,23.0, 27892.0, 120.0, 80.0, 24.700001, 104.900002, 500.0, 1.0, 0.0, 28060.0, 0.0, 24.0, 0.0, 0.0, 0.0, 0.0, 0.0, 1.0 , 9.21, -3.38, -1.35, 26.13, 50.00, 13.44, 5.34, 101652.84, -0.30, -4.01
17:27:45.75,23.0, 27892.0, 120.0, 80.0, 24.700001, 104.900002, 500.0, 1.0, 0.0, 28060.0, 0.0, 24.0, 0.0, 0.0, 0.0, 0.0, 0.0, 1.0 , 9.12, -3.46, -1.74, 26.13, 49.75, 13.43, 5.37, 101647.36, -0.29, -4.02
17:27:45.92,23.0, 27892.0, 120.0, 80.0, 24.700001, 104.900002, 500.0, 1.0, 0.0, 28060.0, 0.0, 24.0, 0.0, 0.0, 0.0, 0.0, 0.0, 1.0 , 9.04, -3.49, -1.48, 26.14, 50.25, 13.43, 5.37, 101649.09, -0.29, -4.02
17:27:46.11,23.0, 27892.0, 120.0, 80.0, 24.700001, 104.900002, 500.0, 1.0, 0.0, 28060.0, 0.0, 24.0, 0.0, 0.0, 0.0, 0.0, 0.0, 1.0 , 9.21, -3.39, -1.49, 26.12, 50.00, 13.44, 5.42, 101648.38, -0.29, -4.02
17:27:46.28,23.0, 27892.0, 120.0, 80.0, 24.700001, 104.900002, 500.0, 1.0, 0.0, 28060.0, 0.0, 24.0, 0.0, 0.0, 0.0, 0.0, 0.0, 1.0 , 9.18, -3.36, -1.37, 26.14, 50.25, 13.44, 5.46, 101651.83, -0.29, -4.00
17:27:46.46,23.0, 27892.0, 120.0, 80.0, 24.700001, 104.900002, 500.0, 1.0, 0.0, 28060.0, 0.0, 24.0, 0.0, 0.0, 0.0, 0.0, 0.0, 1.0 , 9.15, -3.32, -1.38, 26.13, 50.75, 13.44, 5.44, 101650.96, -0.29, -4.01
17:27:46.65,23.0, 27892.0, 120.0, 80.0, 24.700001, 104.900002, 500.0, 1.0, 0.0, 28060.0, 0.0, 24.0, 0.0, 0.0, 0.0, 0.0, 0.0, 1.0 , 9.17, -3.36, -1.73, 26.13, 50.00, 13.45, 5.42, 101655.58, -0.30, -4.00
17:27:46.83,23.0, 27892.0, 120.0, 80.0, 24.700001, 104.900002, 500.0, 1.0, 0.0, 28060.0, 0.0, 24.0, 0.0, 0.0, 0.0, 0.0, 0.0, 1.0 , 9.19, -3.39, -1.40, 26.12, 50.00, 13.45, 5.50, 101649.23, -0.29, -4.01
17:27:47.02,23.0, 27892.0, 120.0, 80.0, 24.700001, 104.900002, 500.0, 1.0, 0.0, 28060.0, 0.0, 24.0, 0.0, 0.0, 0.0, 0.0, 0.0, 1.0 , 9.18, -3.45, -1.67, 26.12, 50.50, 13.44, 5.51, 101651.98, -0.29, -4.02
17:27:47.22,23.0, 27892.0, 120.0, 80.0, 24.700001, 104.900002, 500.0, 1.0, 0.0, 28060.0, 0.0, 24.0, 0.0, 0.0, 0.0, 0.0, 0.0, 1.0 , 9.06, -3.32, -1.19, 26.13, 50.50, 13.44, 5.34, 101652.84, -0.30, -4.01
17:27:47.41,23.0, 27892.0, 120.0, 80.0, 24.700001, 104.900002, 500.0, 1.0, 0.0, 28060.0, 0.0, 24.0, 0.0, 0.0, 0.0, 0.0, 0.0, 1.0 , 9.04, -3.36, -1.48, 26.13, 51.00, 13.44, 5.41, 101655.58, -0.30, -4.01
17:27:47.61,23.0, 27893.0, 120.0, 80.0, 24.700001, 104.900002, 500.0, 1.0, 0.0, 28060.0, 0.0, 24.0, 0.0, 0.0, 0.0, 0.0, 0.0, 1.0 , 9.21, -3.23, -1.57, 26.13, 50.25, 13.44, 5.50, 101650.09, -0.29, -4.01
17:27:47.79,23.0, 27893.0, 120.0, 80.0, 24.700001, 104.900002, 500.0, 1.0, 0.0, 28060.0, 0.0, 24.0, 0.0, 0.0, 0.0, 0.0, 0.0, 1.0 , 9.03, -3.38, -1.14, 26.12, 49.75, 13.44, 5.39, 101646.50, -0.29, -4.02
17:27:47.97,23.0, 27893.0, 120.0, 80.0, 24.700001, 104.900002, 500.0, 1.0, 0.0, 28060.0, 0.0, 24.0, 0.0, 0.0, 0.0, 0.0, 0.0, 1.0 , 9.30, -3.40, -1.06, 26.13, 50.75, 13.43, 5.39, 101652.84, -0.30, -4.02
17:27:48.15,23.0, 27893.0, 120.0, 80.0, 24.700001, 104.900002, 500.0, 1.0, 0.0, 28060.0, 0.0, 24.0, 0.0, 0.0, 0.0, 0.0, 0.0, 1.0 , 9.22, -3.37, -1.34, 26.12, 50.50, 13.44, 5.51, 101649.23, -0.29, -4.02
17:27:48.33,23.0, 27893.0, 120.0, 80.0, 24.700001, 104.900002, 500.0, 1.0, 0.0, 28060.0, 0.0, 24.0, 0.0, 0.0, 0.0, 0.0, 0.0, 1.0 , 9.15, -3.37, -1.34, 26.13, 50.00, 13.43, 5.44, 101644.63, -0.29, -4.02
17:27:48.51,23.0, 27893.0, 120.0, 80.0, 24.700001, 104.900002, 500.0, 1.0, 0.0, 28060.0, 0.0, 24.0, 0.0, 0.0, 0.0, 0.0, 0.0, 1.0 , 9.21, -3.39, -1.35, 26.13, 50.00, 13.44, 5.37, 101644.63, -0.29, -4.01
17:27:48.69,23.0, 27893.0, 120.0, 80.0, 24.700001, 104.900002, 500.0, 1.0, 0.0, 28060.0, 0.0, 24.0, 0.0, 0.0, 0.0, 0.0, 0.0, 1.0 , 9.22, -3.42, -1.59, 26.12, 49.50, 13.43, 5.39, 101643.77, -0.29, -4.03
17:27:48.89,127.0, 65533.0, 65534.0, 255.0, 4044.699951, 6553.5, 65175.0, 231.0, 222.0, 28669.0, 65407.0, 94.0, 65471.0, 65535.0, 65534.0, 65535.0, 65135.0, -1.0 , 9.14, -3.46, -1.36, 26.12, 50.00, 13.43, 5.57, 101640.16, -0.28, -4.03
