17:19:55.25,23.0, 27925.0, 0.0, 80.0, 24.700001, 105.099998, 500.0, 0.0, 0.0, 28175.0, 0.0, 22.0, 0.0, 0.0, 0.0, 0.0, 0.0, 1.0 , +TERMITE VERSION:1.00
17:19:55.46,23.0, 27925.0, 0.0, 80.0, 24.700001, 105.099998, 500.0, 0.0, 0.0, 28175.0, 0.0, 22.0, 0.0, 0.0, 0.0, 0.0, 0.0, 1.0 , +TERMITE VERSION:1.00
17:19:55.61,23.0, 27915.0, 125.0, 80.0, 24.700001, 105.099998, 500.0, 0.0, 0.0, 28175.0, 0.0, 22.0, 0.0, 0.0, 0.0, 0.0, 0.0, 1.0 , +TERMITE VERSION:1.00
17:19:55.80,23.0, 27915.0, 125.0, 80.0, 24.700001, 105.099998, 500.0, 0.0, 0.0, 28175.0, 0.0, 22.0, 0.0, 0.0, 0.0, 0.0, 0.0, 1.0 , +TERMITE VERSION:1.00
17:19:55.96,23.0, 27915.0, 125.0, 80.0, 24.700001, 105.099998, 500.0, 0.0, 0.0, 28175.0, 0.0, 22.0, 0.0, 0.0, 0.0, 0.0, 0.0, 1.0 , +TERMITE VERSION:1.00
17:19:56.16,23.0, 27915.0, 125.0, 80.0, 24.700001, 105.099998, 500.0, 0.0, 0.0, 28175.0, 0.0, 22.0, 0.0, 0.0, 0.0, 0.0, 0.0, 1.0 , +TERMITE VERSION:1.00
17:19:56.32,23.0, 27915.0, 125.0, 80.0, 24.700001, 105.099998, 500.0, 0.0, 0.0, 28175.0, 0.0, 22.0, 0.0, 0.0, 0.0, 0.0, 0.0, 1.0 , +TERMITE VERSION:1.00
17:19:56.48,23.0, 27915.0, 125.0, 80.0, 24.700001, 105.099998, 500.0, 0.0, 0.0, 28175.0, 0.0, 22.0, 0.0, 0.0, 0.0, 0.0, 0.0, 1.0 , 
17:19:56.68,23.0, 27915.0, 125.0, 80.0, 24.700001, 105.099998, 500.0, 0.0, 0.0, 28175.0, 0.0, 22.0, 0.0, 0.0, 0.0, 0.0, 0.0, 1.0 ,  + CMD 
17:19:56.84,23.0, 27913.0, 124.0, 80.0, 24.700001, 105.099998, 500.0, 0.0, 0.0, 28175.0, 0.0, 22.0, 0.0, 0.0, 0.0, 0.0, 0.0, 1.0 ,  + CMD 
17:19:57.00,23.0, 27913.0, 124.0, 80.0, 24.700001, 105.099998, 500.0, 0.0, 0.0, 28175.0, 0.0, 22.0, 0.0, 0.0, 0.0, 0.0, 0.0, 1.0 ,  + CMD 
17:19:57.17,23.0, 27913.0, 124.0, 80.0, 24.700001, 105.099998, 500.0, 0.0, 0.0, 28175.0, 0.0, 22.0, 0.0, 0.0, 0.0, 0.0, 0.0, 1.0 ,  + CMD 
17:19:57.33,23.0, 27913.0, 124.0, 80.0, 24.700001, 105.099998, 500.0, 0.0, 0.0, 28175.0, 0.0, 22.0, 0.0, 0.0, 0.0, 0.0, 0.0, 1.0 ,  + CMD 
17:19:57.50,23.0, 27913.0, 124.0, 80.0, 24.700001, 105.099998, 500.0, 0.0, 0.0, 28175.0, 0.0, 22.0, 0.0, 0.0, 0.0, 0.0, 0.0, 1.0 , +TERMITE VERSION:1.00
17:19:57.68,23.0, 27913.0, 124.0, 80.0, 24.700001, 105.099998, 500.0, 0.0, 0.0, 28175.0, 0.0, 22.0, 0.0, 0.0, 0.0, 0.0, 0.0, 1.0 , +TERMITE VERSION:1.00
17:19:57.84,23.0, 27913.0, 124.0, 80.0, 24.700001, 105.099998, 500.0, 0.0, 0.0, 28175.0, 0.0, 22.0, 0.0, 0.0, 0.0, 0.0, 0.0, 1.0 , +TERMITE VERSION:1.00
17:19:58.01,23.0, 27913.0, 124.0, 80.0, 24.700001, 105.099998, 500.0, 0.0, 0.0, 28175.0, 0.0, 22.0, 0.0, 0.0, 0.0, 0.0, 0.0, 1.0 , +TERMITE VERSION:1.00
17:19:58.19,23.0, 27910.0, 122.0, 80.0, 24.700001, 105.099998, 500.0, 0.0, 0.0, 28175.0, 0.0, 22.0, 0.0, 0.0, 0.0, 0.0, 0.0, 1.0 , +TERMITE VERSION:1.00
17:19:58.35,23.0, 27910.0, 122.0, 80.0, 24.700001, 105.099998, 500.0, 0.0, 0.0, 28175.0, 0.0, 22.0, 0.0, 0.0, 0.0, 0.0, 0.0, 1.0 , +TERMITE VERSION:1.00
17:19:58.51,23.0, 27910.0, 122.0, 80.0, 24.700001, 105.099998, 500.0, 0.0, 0.0, 28175.0, 0.0, 22.0, 0.0, 0.0, 0.0, 0.0, 0.0, 1.0 , +TERMITE VERSION:1.00
17:19:58.71,23.0, 27910.0, 122.0, 80.0, 24.700001, 105.099998, 500.0, 0.0, 0.0, 28175.0, 0.0, 22.0, 0.0, 0.0, 0.0, 0.0, 0.0, 1.0 , +TERMITE VERSION:1.00
17:19:58.87,23.0, 27910.0, 122.0, 80.0, 24.700001, 105.099998, 500.0, 0.0, 0.0, 28175.0, 0.0, 22.0, 0.0, 0.0, 0.0, 0.0, 0.0, 1.0 , +TERMITE VERSION:1.00
17:19:59.02,23.0, 27910.0, 122.0, 80.0, 24.700001, 105.099998, 500.0, 0.0, 0.0, 28175.0, 0.0, 22.0, 0.0, 0.0, 0.0, 0.0, 0.0, 1.0 , +TERMITE VERSION:1.00
17:19:59.17,23.0, 27910.0, 122.0, 80.0, 24.700001, 105.099998, 500.0, 0.0, 0.0, 28175.0, 0.0, 22.0, 0.0, 0.0, 0.0, 0.0, 0.0, 1.0 , +TERMITE VERSION:1.00
17:19:59.36,23.0, 27914.0, 124.0, 80.0, 24.700001, 105.099998, 500.0, 0.0, 0.0, 28175.0, 0.0, 22.0, 0.0, 0.0, 0.0, 0.0, 0.0, 1.0 , +TERMITE VERSION:1.00
17:19:59.51,23.0, 27914.0, 124.0, 80.0, 24.700001, 105.099998, 500.0, 0.0, 0.0, 28175.0, 0.0, 22.0, 0.0, 0.0, 0.0, 0.0, 0.0, 1.0 , +TERMITE VERSION:1.00
17:19:59.68,23.0, 27914.0, 124.0, 80.0, 24.700001, 105.099998, 500.0, 0.0, 0.0, 28175.0, 0.0, 22.0, 0.0, 0.0, 0.0, 0.0, 0.0, 1.0 , +TERMITE VERSION:1.00
17:19:59.85,23.0, 27914.0, 124.0, 80.0, 24.700001, 105.099998, 500.0, 0.0, 0.0, 28175.0, 0.0, 22.0, 0.0, 0.0, 0.0, 0.0, 0.0, 1.0 , +TERMITE VERSION:1.00
17:20:00.02,23.0, 27914.0, 124.0, 80.0, 24.700001, 105.099998, 500.0, 0.0, 0.0, 28175.0, 0.0, 22.0, 0.0, 0.0, 0.0, 0.0, 0.0, 1.0 , +TERMITE VERSION:1.00
17:20:00.18,23.0, 27914.0, 124.0, 80.0, 24.700001, 105.099998, 500.0, 0.0, 0.0, 28175.0, 0.0, 22.0, 0.0, 0.0, 0.0, 0.0, 0.0, 1.0 , +TERMITE VERSION:1.00
17:20:00.34,23.0, 27914.0, 124.0, 80.0, 24.700001, 105.099998, 500.0, 0.0, 0.0, 28175.0, 0.0, 22.0, 0.0, 0.0, 0.0, 0.0, 0.0, 1.0 , +TERMITE VERSION:1.00
17:20:00.51,23.0, 27914.0, 122.0, 80.0, 24.700001, 105.099998, 500.0, 0.0, 0.0, 28175.0, 0.0, 22.0, 0.0, 0.0, 0.0, 0.0, 0.0, 1.0 , +TERMITE VERSION:1.00
17:20:00.67,23.0, 27914.0, 122.0, 80.0, 24.700001, 105.099998, 500.0, 0.0, 0.0, 28175.0, 0.0, 22.0, 0.0, 0.0, 0.0, 0.0, 0.0, 1.0 , +TERMITE VERSION:1.00
17:20:00.84,23.0, 27914.0, 122.0, 80.0, 24.700001, 105.099998, 500.0, 0.0, 0.0, 28175.0, 0.0, 22.0, 0.0, 0.0, 0.0, 0.0, 0.0, 1.0 , +TERMITE VERSION:1.00
17:20:01.01,23.0, 27914.0, 122.0, 80.0, 24.700001, 105.099998, 500.0, 0.0, 0.0, 28175.0, 0.0, 22.0, 0.0, 0.0, 0.0, 0.0, 0.0, 1.0 , +TERMITE VERSION:1.00
17:20:01.21,23.0, 27914.0, 122.0, 80.0, 24.700001, 105.099998, 500.0, 0.0, 0.0, 28175.0, 0.0, 22.0, 0.0, 0.0, 0.0, 0.0, 0.0, 1.0 , +TERMITE VERSION:1.00
17:20:01.37,23.0, 27914.0, 122.0, 80.0, 24.700001, 105.099998, 500.0, 0.0, 0.0, 28175.0, 0.0, 22.0, 0.0, 0.0, 0.0, 0.0, 0.0, 1.0 , +TERMITE VERSION:1.00
17:20:01.55,23.0, 27914.0, 122.0, 80.0, 24.700001, 105.099998, 500.0, 0.0, 0.0, 28175.0, 0.0, 22.0, 0.0, 0.0, 0.0, 0.0, 0.0, 1.0 , +TERMITE VERSION:1.00
17:20:01.72,23.0, 27908.0, 124.0, 80.0, 24.700001, 105.099998, 500.0, 0.0, 0.0, 28175.0, 0.0, 22.0, 0.0, 0.0, 0.0, 0.0, 0.0, 1.0 , +TERMITE VERSION:1.00
17:20:01.91,23.0, 27908.0, 124.0, 80.0, 24.700001, 105.099998, 500.0, 0.0, 0.0, 28175.0, 0.0, 22.0, 0.0, 0.0, 0.0, 0.0, 0.0, 1.0 , +TERMITE VERSION:1.00
17:20:02.08,23.0, 27908.0, 124.0, 80.0, 24.700001, 105.099998, 500.0, 0.0, 0.0, 28175.0, 0.0, 22.0, 0.0, 0.0, 0.0, 0.0, 0.0, 1.0 , +TERMITE VERSION:1.00
17:20:02.26,23.0, 27908.0, 124.0, 80.0, 24.700001, 105.099998, 500.0, 0.0, 0.0, 28175.0, 0.0, 22.0, 0.0, 0.0, 0.0, 0.0, 0.0, 1.0 , +TERMITE VERSION:1.00
17:20:02.41,23.0, 27908.0, 124.0, 80.0, 24.700001, 105.099998, 500.0, 0.0, 0.0, 28175.0, 0.0, 22.0, 0.0, 0.0, 0.0, 0.0, 0.0, 1.0 , +TERMITE VERSION:1.00
17:20:02.57,23.0, 27908.0, 124.0, 80.0, 24.700001, 105.099998, 500.0, 0.0, 0.0, 28175.0, 0.0, 22.0, 0.0, 0.0, 0.0, 0.0, 0.0, 1.0 , +TERMITE VERSION:1.00
17:20:02.74,23.0, 27908.0, 124.0, 80.0, 24.700001, 105.099998, 500.0, 0.0, 0.0, 28175.0, 0.0, 22.0, 0.0, 0.0, 0.0, 0.0, 0.0, 1.0 , +TERMITE VERSION:1.00
17:20:02.90,23.0, 27913.0, 122.0, 80.0, 24.700001, 105.099998, 500.0, 0.0, 0.0, 28175.0, 0.0, 22.0, 0.0, 0.0, 0.0, 0.0, 0.0, 1.0 , +TERMITE VERSION:1.00
17:20:03.07,23.0, 27913.0, 122.0, 80.0, 24.700001, 105.099998, 500.0, 0.0, 0.0, 28175.0, 0.0, 22.0, 0.0, 0.0, 0.0, 0.0, 0.0, 1.0 , 
17:20:03.24,23.0, 27913.0, 122.0, 80.0, 24.700001, 105.099998, 500.0, 0.0, 0.0, 28175.0, 0.0, 22.0, 0.0, 0.0, 0.0, 0.0, 0.0, 1.0 ,  + CMD 
17:20:03.42,23.0, 27913.0, 122.0, 80.0, 24.700001, 105.099998, 500.0, 0.0, 0.0, 28175.0, 0.0, 22.0, 0.0, 0.0, 0.0, 0.0, 0.0, 1.0 ,  + CMD 
17:20:03.59,23.0, 27913.0, 122.0, 80.0, 24.700001, 105.099998, 500.0, 0.0, 0.0, 28175.0, 0.0, 22.0, 0.0, 0.0, 0.0, 0.0, 0.0, 1.0 ,  + CMD 
17:20:03.75,23.0, 27913.0, 122.0, 80.0, 24.700001, 105.099998, 500.0, 0.0, 0.0, 28175.0, 0.0, 22.0, 0.0, 0.0, 0.0, 0.0, 0.0, 1.0 ,  + CMD 
17:20:03.92,23.0, 27913.0, 122.0, 80.0, 24.700001, 105.099998, 500.0, 0.0, 0.0, 28175.0, 0.0, 22.0, 0.0, 0.0, 0.0, 0.0, 0.0, 1.0 ,  + CMD 
17:20:04.10,23.0, 27909.0, 122.0, 80.0, 24.700001, 105.099998, 500.0, 0.0, 0.0, 28175.0, 0.0, 22.0, 0.0, 0.0, 0.0, 0.0, 0.0, 1.0 , +TERMITE VERSION:1.00
17:20:04.26,23.0, 27909.0, 122.0, 80.0, 24.700001, 105.099998, 500.0, 0.0, 0.0, 28175.0, 0.0, 22.0, 0.0, 0.0, 0.0, 0.0, 0.0, 1.0 , +TERMITE VERSION:1.00
17:20:04.42,23.0, 27909.0, 122.0, 80.0, 24.700001, 105.099998, 500.0, 0.0, 0.0, 28175.0, 0.0, 22.0, 0.0, 0.0, 0.0, 0.0, 0.0, 1.0 , +TERMITE VERSION:1.00
17:20:04.60,23.0, 27909.0, 122.0, 80.0, 24.700001, 105.099998, 500.0, 0.0, 0.0, 28175.0, 0.0, 22.0, 0.0, 0.0, 0.0, 0.0, 0.0, 1.0 , +TERMITE VERSION:1.00
17:20:04.76,23.0, 27909.0, 122.0, 80.0, 24.700001, 105.099998, 500.0, 0.0, 0.0, 28175.0, 0.0, 22.0, 0.0, 0.0, 0.0, 0.0, 0.0, 1.0 , +TERMITE VERSION:1.00
