11:39:12.19,22.0, 28300.0, 165.0, 86.0, 26.6, 113.099998, 750.0, 2.0, 0.0, 28405.0, 17.0, 25.0, 0.0, 0.0, 0.0, 65534.0, 0.0, 1.0 , 5.83, -3.94, -6.47, 28.03, 112.75, 25.19, 13.37, 101459.08, -0.12, 6.28
11:39:12.36,22.0, 28303.0, 165.0, 86.0, 26.6, 113.099998, 750.0, 2.0, 0.0, 28405.0, 17.0, 25.0, 0.0, 0.0, 0.0, 65534.0, 0.0, 1.0 , 5.64, -3.69, -6.55, 28.02, 115.50, 25.21, 13.37, 101457.29, -0.12, 6.28
11:39:12.49,22.0, 28303.0, 165.0, 86.0, 26.6, 113.099998, 750.0, 2.0, 0.0, 28405.0, 17.0, 25.0, 0.0, 0.0, 0.0, 65534.0, 0.0, 1.0 , 6.21, -3.98, -7.85, 28.03, 116.75, 25.27, 13.37, 101455.45, -0.12, 6.32
11:39:12.62,22.0, 28303.0, 165.0, 86.0, 26.6, 113.099998, 750.0, 2.0, 0.0, 28405.0, 17.0, 25.0, 0.0, 0.0, 0.0, 65534.0, 0.0, 1.0 , 4.97, -3.80, -6.53, 28.03, 119.50, 25.34, 13.37, 101459.08, -0.12, 6.36
11:39:12.75,22.0, 28303.0, 165.0, 86.0, 26.6, 113.099998, 750.0, 2.0, 0.0, 28405.0, 0.0, 25.0, 0.0, 0.0, 0.0, 65534.0, 0.0, 1.0 , 5.38, -3.44, -7.28, 28.04, 111.75, 25.44, 13.37, 101455.39, -0.12, 6.43
11:39:12.89,22.0, 28303.0, 165.0, 86.0, 26.6, 113.099998, 750.0, 2.0, 0.0, 28405.0, 0.0, 25.0, 0.0, 0.0, 0.0, 65534.0, 0.0, 1.0 , 5.15, -4.12, -7.08, 28.04, 101.50, 25.51, 13.37, 101459.98, -0.12, 6.47
11:39:13.03,22.0, 28303.0, 165.0, 86.0, 26.6, 113.099998, 750.0, 2.0, 0.0, 28405.0, 0.0, 25.0, 0.0, 0.0, 0.0, 65534.0, 0.0, 1.0 , 4.72, -3.51, -7.26, 28.04, 103.75, 25.50, 13.37, 101460.87, -0.12, 6.46
11:39:13.17,22.0, 28303.0, 165.0, 86.0, 26.6, 113.099998, 750.0, 2.0, 0.0, 28405.0, 0.0, 25.0, 0.0, 0.0, 0.0, 65534.0, 0.0, 1.0 , 5.36, -3.50, -7.35, 28.03, 95.75, 25.49, 13.37, 101458.19, -0.12, 6.45
11:39:13.35,22.0, 28303.0, 165.0, 86.0, 26.6, 113.099998, 750.0, 2.0, 0.0, 28405.0, 17.0, 25.0, 0.0, 0.0, 0.0, 65534.0, 0.0, 1.0 , 4.95, -3.70, -7.17, 28.02, 98.75, 25.46, 13.37, 101451.81, -0.11, 6.42
11:39:13.47,22.0, 28292.0, 206.0, 86.0, 26.6, 113.099998, 750.0, 2.0, 0.0, 28405.0, 0.0, 25.0, 0.0, 0.0, 0.0, 65534.0, 0.0, 1.0 , 5.07, -3.50, -5.99, 28.03, 98.75, 25.45, 13.37, 101453.60, -0.12, 6.43
11:39:13.60,22.0, 28292.0, 206.0, 86.0, 26.6, 113.099998, 750.0, 2.0, 0.0, 28405.0, 0.0, 25.0, 0.0, 0.0, 0.0, 65534.0, 0.0, 1.0 , 4.94, -3.63, -7.20, 28.03, 97.50, 25.41, 13.37, 101459.08, -0.12, 6.40
11:39:13.74,22.0, 28292.0, 206.0, 86.0, 26.6, 113.099998, 750.0, 2.0, 0.0, 28405.0, 0.0, 25.0, 0.0, 0.0, 0.0, 65534.0, 0.0, 1.0 , 5.38, -3.40, -7.40, 28.02, 98.50, 25.35, 13.37, 101457.29, -0.12, 6.36
11:39:13.87,22.0, 28292.0, 206.0, 86.0, 26.6, 113.099998, 500.0, 2.0, 0.0, 28405.0, 0.0, 25.0, 0.0, 0.0, 0.0, 65534.0, 0.0, 1.0 , 5.19, -3.98, -7.61, 28.04, 92.25, 25.32, 13.37, 101462.72, -0.12, 6.36
11:39:14.01,22.0, 28292.0, 206.0, 86.0, 26.6, 113.099998, 750.0, 2.0, 0.0, 28405.0, 0.0, 25.0, 0.0, 0.0, 0.0, 65534.0, 0.0, 1.0 , 5.52, -3.60, -7.23, 28.03, 91.50, 25.28, 13.37, 101461.82, -0.12, 6.33
11:39:14.16,22.0, 28292.0, 206.0, 86.0, 26.6, 113.099998, 750.0, 2.0, 0.0, 28405.0, 0.0, 25.0, 0.0, 0.0, 0.0, 65534.0, 0.0, 1.0 , 5.32, -3.29, -7.21, 28.03, 94.75, 25.21, 13.37, 101460.92, -0.12, 6.29
11:39:14.29,22.0, 28292.0, 206.0, 86.0, 26.6, 113.099998, 750.0, 2.0, 0.0, 28405.0, 0.0, 25.0, 0.0, 0.0, 0.0, 65534.0, 0.0, 1.0 , 5.70, -3.63, -7.16, 28.04, 96.50, 25.18, 13.37, 101458.14, -0.12, 6.28
11:39:14.43,22.0, 28292.0, 206.0, 86.0, 26.6, 113.099998, 750.0, 2.0, 0.0, 28405.0, 0.0, 25.0, 0.0, 0.0, 0.0, 65534.0, 0.0, 1.0 , 5.59, -3.13, -6.32, 27.98, 98.25, 25.14, 13.37, 101449.22, -0.11, 6.21
11:39:14.57,22.0, 28292.0, 206.0, 86.0, 26.6, 113.099998, 750.0, 2.0, 0.0, 28405.0, 0.0, 25.0, 0.0, 0.0, 0.0, 65534.0, 0.0, 1.0 , 5.68, -3.80, -7.16, 28.03, 89.25, 25.08, 13.37, 101459.08, -0.12, 6.22
11:39:14.71,22.0, 28296.0, 205.0, 86.0, 26.6, 113.099998, 750.0, 2.0, 0.0, 28405.0, 35.0, 25.0, 0.0, 0.0, 0.0, 65534.0, 0.0, 1.0 , 5.80, -3.33, -6.63, 28.04, 89.50, 25.07, 13.37, 101459.98, -0.12, 6.22
11:39:14.84,22.0, 28296.0, 205.0, 86.0, 26.6, 113.099998, 750.0, 2.0, 0.0, 28405.0, 0.0, 25.0, 0.0, 0.0, 0.0, 65534.0, 0.0, 1.0 , 5.90, -3.28, -6.86, 28.06, 89.25, 25.10, 13.37, 101455.34, -0.12, 6.25
11:39:14.98,22.0, 28296.0, 205.0, 86.0, 26.6, 113.099998, 750.0, 2.0, 0.0, 28405.0, 0.0, 25.0, 0.0, 0.0, 0.0, 65534.0, 0.0, 1.0 , 6.11, -3.36, -7.15, 28.05, 91.25, 25.21, 13.37, 101457.19, -0.12, 6.30
11:39:15.12,22.0, 28296.0, 205.0, 86.0, 26.6, 113.099998, 750.0, 2.0, 0.0, 28405.0, 0.0, 25.0, 0.0, 0.0, 0.0, 65534.0, 0.0, 1.0 , 6.09, -3.27, -6.60, 28.07, 87.75, 25.31, 13.37, 101457.14, -0.12, 6.38
11:39:15.25,22.0, 28296.0, 205.0, 86.0, 26.6, 113.099998, 750.0, 2.0, 0.0, 28405.0, 0.0, 24.0, 0.0, 0.0, 0.0, 65534.0, 0.0, 1.0 , 6.09, -3.37, -6.88, 28.08, 85.25, 25.54, 13.37, 101462.59, -0.12, 6.52
11:39:15.39,22.0, 28296.0, 205.0, 86.0, 26.6, 113.099998, 750.0, 2.0, 0.0, 28405.0, 0.0, 24.0, 0.0, 0.0, 0.0, 65534.0, 0.0, 1.0 , 6.25, -3.25, -7.02, 28.08, 89.25, 25.82, 13.37, 101453.48, -0.12, 6.68
11:39:15.54,22.0, 28296.0, 205.0, 86.0, 26.6, 113.099998, 750.0, 2.0, 0.0, 28405.0, 17.0, 24.0, 0.0, 0.0, 0.0, 65534.0, 0.0, 1.0 , 6.16, -3.14, -6.71, 28.09, 88.00, 26.14, 13.37, 101458.91, -0.12, 6.87
11:39:15.68,22.0, 28296.0, 205.0, 86.0, 26.6, 113.099998, 750.0, 2.0, 0.0, 28405.0, 0.0, 24.0, 0.0, 0.0, 0.0, 65534.0, 0.0, 1.0 , 5.91, -3.19, -6.29, 28.11, 91.00, 26.45, 13.37, 101461.60, -0.12, 7.05
11:39:15.82,22.0, 28296.0, 205.0, 86.0, 26.6, 113.099998, 500.0, 2.0, 0.0, 28405.0, 0.0, 24.0, 0.0, 0.0, 0.0, 65534.0, 0.0, 1.0 , 6.26, -3.29, -6.87, 28.12, 88.75, 26.70, 13.37, 101452.43, -0.11, 7.20
11:39:15.94,22.0, 28295.0, 206.0, 86.0, 26.6, 113.099998, 750.0, 2.0, 0.0, 28405.0, 0.0, 24.0, 0.0, 0.0, 0.0, 65534.0, 0.0, 1.0 , 5.95, -3.24, -5.75, 28.11, 84.25, 27.05, 13.37, 101459.76, -0.12, 7.38
11:39:16.08,22.0, 28295.0, 206.0, 86.0, 26.6, 113.099998, 750.0, 2.0, 0.0, 28405.0, 0.0, 24.0, 0.0, 0.0, 0.0, 65534.0, 0.0, 1.0 , 5.93, -3.02, -7.41, 28.12, 93.75, 27.41, 13.37, 101460.66, -0.12, 7.59
11:39:16.23,22.0, 28295.0, 206.0, 86.0, 26.6, 113.099998, 750.0, 2.0, 0.0, 28405.0, 17.0, 24.0, 0.0, 0.0, 0.0, 65534.0, 0.0, 1.0 , 5.80, -2.07, -7.39, 28.14, 104.75, 27.57, 13.37, 101466.98, -0.13, 7.69
11:39:16.36,22.0, 28295.0, 206.0, 86.0, 26.6, 113.099998, 750.0, 2.0, 0.0, 28405.0, 0.0, 24.0, 0.0, 0.0, 0.0, 65534.0, 0.0, 1.0 , 4.87, -1.89, -7.58, 28.08, 122.75, 27.68, 13.37, 101451.64, -0.11, 7.70
11:39:16.51,22.0, 28295.0, 206.0, 86.0, 26.6, 113.099998, 750.0, 2.0, 0.0, 28405.0, 0.0, 24.0, 0.0, 0.0, 0.0, 65534.0, 0.0, 1.0 , 4.04, -1.43, -7.42, 28.12, 124.25, 27.71, 13.37, 101455.17, -0.12, 7.74
11:39:16.66,22.0, 28295.0, 206.0, 86.0, 26.6, 113.099998, 750.0, 2.0, 0.0, 28405.0, 0.0, 24.0, 0.0, 0.0, 0.0, 65534.0, 0.0, 1.0 , 4.21, -1.72, -8.54, 28.10, 127.25, 27.69, 13.37, 101457.96, -0.12, 7.72
11:39:16.79,22.0, 28295.0, 206.0, 86.0, 26.6, 113.099998, 500.0, 2.0, 0.0, 28405.0, 0.0, 24.0, 0.0, 0.0, 0.0, 65534.0, 0.0, 1.0 , 4.55, -1.02, -7.91, 28.09, 133.00, 27.65, 13.37, 101455.27, -0.12, 7.69
11:39:16.92,22.0, 28295.0, 206.0, 86.0, 26.6, 113.099998, 750.0, 2.0, 0.0, 28405.0, 0.0, 25.0, 0.0, 0.0, 0.0, 65534.0, 0.0, 1.0 , 4.92, -1.60, -8.23, 28.10, 130.50, 27.67, 13.37, 101459.81, -0.12, 7.71
11:39:17.07,22.0, 28298.0, 205.0, 86.0, 26.6, 113.099998, 750.0, 2.0, 0.0, 28405.0, 0.0, 25.0, 0.0, 0.0, 0.0, 65534.0, 0.0, 1.0 , 4.97, -1.48, -8.36, 28.11, 128.75, 27.74, 13.37, 101462.50, -0.12, 7.75
11:39:17.19,22.0, 28298.0, 205.0, 86.0, 26.6, 113.099998, 750.0, 2.0, 0.0, 28405.0, 0.0, 25.0, 0.0, 0.0, 0.0, 65534.0, 0.0, 1.0 , 5.10, -1.02, -8.48, 28.12, 132.50, 27.81, 13.37, 101456.06, -0.12, 7.80
11:39:17.32,22.0, 28298.0, 205.0, 86.0, 26.6, 113.099998, 750.0, 2.0, 0.0, 28405.0, 0.0, 25.0, 0.0, 0.0, 0.0, 65534.0, 0.0, 1.0 , 5.58, -0.71, -7.86, 28.13, 122.25, 27.93, 13.37, 101449.64, -0.11, 7.87
11:39:17.47,22.0, 28298.0, 205.0, 86.0, 26.6, 113.099998, 750.0, 2.0, 0.0, 28405.0, 0.0, 25.0, 0.0, 0.0, 0.0, 65534.0, 0.0, 1.0 , 5.81, -1.22, -8.02, 28.13, 118.25, 28.00, 13.37, 101463.34, -0.12, 7.91
11:39:17.63,22.0, 28298.0, 205.0, 86.0, 26.6, 113.099998, 750.0, 2.0, 0.0, 28405.0, 0.0, 25.0, 0.0, 0.0, 0.0, 65534.0, 0.0, 1.0 , 5.62, -1.71, -7.36, 28.12, 117.50, 28.09, 13.37, 101446.95, -0.11, 7.95
11:39:17.74,22.0, 28298.0, 205.0, 86.0, 26.6, 113.099998, 750.0, 2.0, 0.0, 28405.0, 0.0, 25.0, 0.0, 0.0, 0.0, 65534.0, 0.0, 1.0 , 5.42, -1.76, -7.17, 28.16, 118.00, 28.18, 13.37, 101459.60, -0.12, 8.03
11:39:17.88,22.0, 28298.0, 205.0, 86.0, 26.6, 113.099998, 750.0, 2.0, 0.0, 28405.0, 0.0, 25.0, 0.0, 0.0, 0.0, 65534.0, 0.0, 1.0 , 5.59, -2.27, -7.75, 28.15, 119.75, 28.27, 13.37, 101458.70, -0.12, 8.07
11:39:18.01,22.0, 28298.0, 205.0, 86.0, 26.6, 113.099998, 750.0, 2.0, 0.0, 28405.0, 0.0, 24.0, 0.0, 0.0, 0.0, 65534.0, 0.0, 1.0 , 5.57, -1.76, -7.72, 28.16, 113.00, 28.40, 13.37, 101459.60, -0.12, 8.14
11:39:18.16,22.0, 28298.0, 205.0, 86.0, 26.6, 113.099998, 750.0, 2.0, 0.0, 28405.0, 0.0, 24.0, 0.0, 0.0, 0.0, 65534.0, 0.0, 1.0 , 5.33, -2.25, -7.30, 28.17, 108.25, 28.48, 13.37, 101451.33, -0.11, 8.19
11:39:18.29,22.0, 28294.0, 205.0, 86.0, 26.6, 113.099998, 750.0, 2.0, 0.0, 28520.0, 17.0, 24.0, 0.0, 0.0, 0.0, 65534.0, 0.0, 1.0 , 5.27, -2.26, -7.60, 28.17, 108.50, 28.58, 13.37, 101454.06, -0.12, 8.24
