18:25:43.80,23.0, 27300.0, 190.0, 72.0, 22.1, 93.900002, 500.0, 1.0, 0.0, 27485.0, 0.0, 27.0, 0.0, 0.0, 0.0, 0.0, 0.0, 1.0 , 9.15, -3.95, -0.23, 24.58, 31.00, 23.49, 5.55, 101691.61, -0.33, 2.37
18:25:43.92,23.0, 27300.0, 190.0, 72.0, 22.1, 93.900002, 250.0, 1.0, 0.0, 27485.0, 0.0, 27.0, 0.0, 0.0, 0.0, 0.0, 0.0, 1.0 , 9.11, -3.93, -0.46, 24.59, 30.50, 23.48, 5.67, 101687.87, -0.33, 2.37
18:25:44.02,23.0, 27300.0, 190.0, 72.0, 22.1, 93.900002, 500.0, 1.0, 0.0, 27485.0, 0.0, 27.0, 0.0, 0.0, 0.0, 0.0, 0.0, 1.0 , 9.25, -3.94, -0.38, 24.59, 30.25, 23.49, 5.59, 101693.34, -0.33, 2.38
18:25:44.14,23.0, 27300.0, 190.0, 72.0, 22.1, 93.900002, 500.0, 1.0, 0.0, 27485.0, 0.0, 27.0, 0.0, 0.0, 0.0, 0.0, 0.0, 1.0 , 9.12, -3.94, -0.52, 24.59, 30.25, 23.50, 5.61, 101690.61, -0.33, 2.38
18:25:44.24,23.0, 27300.0, 190.0, 72.0, 22.1, 93.900002, 500.0, 1.0, 0.0, 27485.0, 0.0, 27.0, 0.0, 0.0, 0.0, 0.0, 0.0, 1.0 , 9.01, -3.86, -0.11, 24.59, 30.50, 23.49, 5.69, 101676.95, -0.32, 2.38
18:25:44.37,23.0, 27300.0, 190.0, 72.0, 22.1, 93.900002, 500.0, 1.0, 0.0, 27485.0, 0.0, 27.0, 0.0, 0.0, 0.0, 0.0, 0.0, 1.0 , 9.21, -3.99, 0.00, 24.59, 30.50, 23.50, 5.57, 101687.87, -0.33, 2.38
18:25:44.48,23.0, 27300.0, 190.0, 72.0, 22.1, 93.900002, 250.0, 1.0, 0.0, 27485.0, 17.0, 27.0, 0.0, 0.0, 0.0, 0.0, 0.0, 1.0 , 8.96, -3.90, 0.12, 24.59, 30.75, 23.49, 5.69, 101682.41, -0.32, 2.38
18:25:44.58,23.0, 27300.0, 190.0, 72.0, 22.1, 93.900002, 500.0, 1.0, 0.0, 27485.0, 0.0, 27.0, 0.0, 0.0, 0.0, 0.0, 0.0, 1.0 , 9.21, -3.97, -0.40, 24.58, 31.00, 23.48, 5.67, 101690.78, -0.33, 2.36
18:25:44.69,23.0, 27291.0, 220.0, 72.0, 22.1, 93.900002, 500.0, 1.0, 0.0, 27485.0, 0.0, 27.0, 0.0, 0.0, 0.0, 0.0, 0.0, 1.0 , 9.15, -3.88, -0.19, 24.58, 30.75, 23.49, 5.63, 101686.16, -0.33, 2.37
18:25:44.79,23.0, 27291.0, 220.0, 72.0, 22.1, 93.900002, 250.0, 1.0, 0.0, 27485.0, 0.0, 27.0, 0.0, 0.0, 0.0, 0.0, 0.0, 1.0 , 9.11, -3.92, -0.18, 24.58, 30.50, 23.49, 5.75, 101680.69, -0.32, 2.37
18:25:44.89,23.0, 27291.0, 220.0, 72.0, 22.1, 93.900002, 250.0, 1.0, 0.0, 27485.0, 0.0, 27.0, 0.0, 0.0, 0.0, 0.0, 0.0, 1.0 , 9.10, -3.93, -0.12, 24.60, 30.50, 23.47, 5.69, 101691.47, -0.33, 2.37
18:25:45.00,23.0, 27291.0, 220.0, 72.0, 22.1, 93.900002, 500.0, 1.0, 0.0, 27485.0, 0.0, 27.0, 0.0, 0.0, 0.0, 0.0, 0.0, 1.0 , 9.06, -3.96, -0.59, 24.59, 31.00, 23.49, 5.69, 101692.47, -0.33, 2.38
18:25:45.11,23.0, 27291.0, 220.0, 72.0, 22.1, 93.900002, 500.0, 1.0, 0.0, 27485.0, 17.0, 27.0, 0.0, 0.0, 0.0, 0.0, 0.0, 1.0 , 9.25, -3.98, -0.64, 24.59, 31.00, 23.49, 5.67, 101684.28, -0.32, 2.38
18:25:45.21,23.0, 27291.0, 220.0, 72.0, 22.1, 93.900002, 250.0, 1.0, 0.0, 27485.0, 0.0, 27.0, 0.0, 0.0, 0.0, 0.0, 0.0, 1.0 , 9.16, -3.92, -0.16, 24.59, 30.75, 23.49, 5.55, 101698.80, -0.34, 2.38
18:25:45.32,23.0, 27291.0, 220.0, 72.0, 22.1, 93.900002, 500.0, 1.0, 0.0, 27485.0, 0.0, 27.0, 0.0, 0.0, 0.0, 0.0, 0.0, 1.0 , 9.10, -3.86, -0.17, 24.59, 30.50, 23.49, 5.73, 101693.34, -0.33, 2.38
18:25:45.42,23.0, 27291.0, 220.0, 72.0, 22.1, 93.900002, 500.0, 1.0, 0.0, 27485.0, 0.0, 27.0, 0.0, 0.0, 0.0, 0.0, 0.0, 1.0 , 9.05, -3.98, -0.12, 24.60, 31.00, 23.47, 5.63, 101692.33, -0.33, 2.37
18:25:45.52,23.0, 27291.0, 220.0, 72.0, 22.1, 93.900002, 500.0, 1.0, 0.0, 27485.0, 17.0, 27.0, 0.0, 0.0, 0.0, 0.0, 0.0, 1.0 , 9.15, -3.78, -0.44, 24.60, 31.25, 23.47, 5.63, 101689.60, -0.33, 2.37
18:25:45.63,23.0, 27291.0, 220.0, 72.0, 22.1, 93.900002, 500.0, 1.0, 0.0, 27485.0, 0.0, 27.0, 0.0, 0.0, 0.0, 0.0, 0.0, 1.0 , 9.09, -3.93, -0.35, 24.59, 31.00, 23.48, 5.73, 101689.74, -0.33, 2.37
18:25:45.74,23.0, 27291.0, 220.0, 72.0, 22.1, 93.900002, 500.0, 1.0, 0.0, 27485.0, 0.0, 27.0, 0.0, 0.0, 0.0, 0.0, 0.0, 1.0 , 9.12, -3.94, -0.34, 24.60, 31.00, 23.49, 5.59, 101688.73, -0.33, 2.39
18:25:45.84,23.0, 27290.0, 229.0, 72.0, 22.1, 93.900002, 500.0, 1.0, 0.0, 27485.0, 0.0, 27.0, 0.0, 0.0, 0.0, 0.0, 0.0, 1.0 , 9.13, -3.91, -0.19, 24.60, 30.75, 23.47, 5.63, 101695.06, -0.33, 2.37
18:25:45.94,23.0, 27290.0, 229.0, 72.0, 22.1, 93.900002, 500.0, 1.0, 0.0, 27485.0, 0.0, 27.0, 0.0, 0.0, 0.0, 0.0, 0.0, 1.0 , 9.06, -3.94, -0.44, 24.60, 30.75, 23.48, 5.63, 101689.60, -0.33, 2.38
18:25:46.04,23.0, 27290.0, 229.0, 72.0, 22.1, 93.900002, 500.0, 1.0, 0.0, 27485.0, 17.0, 27.0, 0.0, 0.0, 0.0, 0.0, 0.0, 1.0 , 9.13, -3.94, -0.31, 24.59, 30.50, 23.48, 5.57, 101685.15, -0.32, 2.37
18:25:46.14,23.0, 27290.0, 229.0, 72.0, 22.1, 93.900002, 250.0, 1.0, 0.0, 27485.0, 0.0, 27.0, 0.0, 0.0, 0.0, 0.0, 0.0, 1.0 , 9.09, -3.88, -0.21, 24.60, 30.50, 23.47, 5.57, 101695.06, -0.33, 2.37
18:25:46.24,23.0, 27290.0, 229.0, 72.0, 22.1, 93.900002, 250.0, 1.0, 0.0, 27485.0, 0.0, 27.0, 0.0, 0.0, 0.0, 0.0, 0.0, 1.0 , 8.90, -3.84, -0.09, 24.60, 30.50, 23.47, 5.51, 101695.06, -0.33, 2.37
18:25:46.35,23.0, 27290.0, 229.0, 72.0, 22.1, 93.900002, 500.0, 1.0, 0.0, 27485.0, 17.0, 27.0, 0.0, 0.0, 0.0, 0.0, 0.0, 1.0 , 9.15, -3.88, -0.09, 24.59, 30.25, 23.47, 5.67, 101690.61, -0.33, 2.36
18:25:46.45,23.0, 27290.0, 229.0, 72.0, 22.1, 93.900002, 250.0, 1.0, 0.0, 27485.0, 0.0, 27.0, 0.0, 0.0, 0.0, 0.0, 0.0, 1.0 , 9.11, -3.93, -0.31, 24.60, 30.25, 23.48, 5.67, 101692.33, -0.33, 2.38
18:25:46.55,23.0, 27290.0, 229.0, 72.0, 22.1, 93.900002, 250.0, 1.0, 0.0, 27485.0, 17.0, 27.0, 0.0, 0.0, 0.0, 0.0, 0.0, 1.0 , 9.13, -3.85, -0.04, 24.60, 30.25, 23.46, 5.69, 101695.06, -0.33, 2.37
18:25:46.66,23.0, 27290.0, 229.0, 72.0, 22.1, 93.900002, 500.0, 1.0, 0.0, 27485.0, 0.0, 27.0, 0.0, 0.0, 0.0, 0.0, 0.0, 1.0 , 9.10, -3.85, -0.18, 24.60, 30.50, 23.46, 5.65, 101686.88, -0.33, 2.37
18:25:46.76,23.0, 27290.0, 229.0, 72.0, 22.1, 93.900002, 500.0, 1.0, 0.0, 27485.0, 0.0, 27.0, 0.0, 0.0, 0.0, 0.0, 0.0, 1.0 , 9.23, -4.03, 0.12, 24.60, 30.50, 23.47, 5.67, 101686.88, -0.33, 2.37
18:25:46.86,23.0, 27290.0, 229.0, 72.0, 22.1, 93.900002, 250.0, 1.0, 0.0, 27485.0, 0.0, 27.0, 0.0, 0.0, 0.0, 0.0, 0.0, 1.0 , 9.11, -3.87, -0.17, 24.60, 30.50, 23.46, 5.53, 101689.60, -0.33, 2.37
18:25:46.97,23.0, 27290.0, 229.0, 72.0, 22.1, 93.900002, 500.0, 1.0, 0.0, 27485.0, 0.0, 27.0, 0.0, 0.0, 0.0, 0.0, 0.0, 1.0 , 9.10, -3.98, -0.32, 24.59, 30.50, 23.48, 5.65, 101685.15, -0.32, 2.37
18:25:47.07,23.0, 27292.0, 229.0, 72.0, 22.1, 93.900002, 500.0, 1.0, 0.0, 27485.0, 0.0, 27.0, 0.0, 0.0, 0.0, 0.0, 0.0, 1.0 , 9.10, -3.98, -0.37, 24.60, 30.25, 23.48, 5.75, 101686.02, -0.32, 2.38
18:25:47.18,23.0, 27292.0, 229.0, 72.0, 22.1, 93.900002, 500.0, 1.0, 0.0, 27485.0, 0.0, 27.0, 0.0, 0.0, 0.0, 0.0, 0.0, 1.0 , 9.10, -3.92, -0.14, 24.60, 30.25, 23.47, 5.73, 101686.88, -0.33, 2.37
18:25:47.28,23.0, 27292.0, 229.0, 72.0, 22.1, 93.900002, 500.0, 1.0, 0.0, 27485.0, 0.0, 27.0, 0.0, 0.0, 0.0, 0.0, 0.0, 1.0 , 9.08, -3.86, -0.31, 24.60, 30.50, 23.47, 5.63, 101686.88, -0.33, 2.37
18:25:47.38,23.0, 27292.0, 229.0, 72.0, 22.1, 93.900002, 500.0, 1.0, 0.0, 27485.0, 0.0, 27.0, 0.0, 0.0, 0.0, 0.0, 0.0, 1.0 , 9.10, -3.89, -0.09, 24.60, 30.50, 23.49, 5.71, 101696.93, -0.33, 2.39
18:25:47.49,23.0, 27292.0, 229.0, 72.0, 22.1, 93.900002, 500.0, 1.0, 0.0, 27485.0, 0.0, 27.0, 0.0, 0.0, 0.0, 0.0, 0.0, 1.0 , 9.10, -3.97, 0.20, 24.60, 30.75, 23.46, 5.73, 101686.88, -0.33, 2.37
18:25:47.59,23.0, 27292.0, 229.0, 72.0, 22.1, 93.900002, 500.0, 1.0, 0.0, 27485.0, 17.0, 27.0, 0.0, 0.0, 0.0, 0.0, 0.0, 1.0 , 9.12, -3.92, -0.46, 24.62, 30.25, 23.47, 5.63, 101693.05, -0.33, 2.39
18:25:47.69,23.0, 27292.0, 229.0, 72.0, 22.1, 93.900002, 500.0, 1.0, 0.0, 27485.0, 0.0, 27.0, 0.0, 0.0, 0.0, 0.0, 0.0, 1.0 , 9.18, -3.96, 0.08, 24.60, 30.25, 23.47, 5.63, 101692.33, -0.33, 2.37
18:25:47.79,23.0, 27292.0, 229.0, 72.0, 22.1, 93.900002, 250.0, 1.0, 0.0, 27485.0, 0.0, 27.0, 0.0, 0.0, 0.0, 0.0, 0.0, 1.0 , 9.12, -3.79, -0.22, 24.60, 30.25, 23.46, 5.67, 101689.60, -0.33, 2.37
18:25:47.89,23.0, 27292.0, 229.0, 72.0, 22.1, 93.900002, 250.0, 1.0, 0.0, 27485.0, 0.0, 27.0, 0.0, 0.0, 0.0, 0.0, 0.0, 1.0 , 9.07, -3.94, 0.00, 24.60, 30.75, 23.46, 5.59, 101681.41, -0.32, 2.37
18:25:48.00,23.0, 27292.0, 229.0, 72.0, 22.1, 93.900002, 500.0, 1.0, 0.0, 27485.0, 0.0, 27.0, 0.0, 0.0, 0.0, 0.0, 0.0, 1.0 , 8.95, -3.76, -0.47, 24.61, 30.75, 23.46, 5.55, 101694.06, -0.33, 2.38
18:25:48.10,23.0, 27292.0, 229.0, 72.0, 22.1, 93.900002, 250.0, 1.0, 0.0, 27485.0, 0.0, 27.0, 0.0, 0.0, 0.0, 0.0, 0.0, 1.0 , 9.09, -3.90, -0.28, 24.61, 30.75, 23.45, 5.69, 101690.47, -0.33, 2.37
18:25:48.21,23.0, 27292.0, 229.0, 72.0, 22.1, 93.900002, 500.0, 1.0, 0.0, 27485.0, 0.0, 27.0, 0.0, 0.0, 0.0, 0.0, 0.0, 1.0 , 8.99, -3.82, 0.13, 24.61, 30.50, 23.46, 5.69, 101698.66, -0.34, 2.38
18:25:48.31,23.0, 27292.0, 229.0, 72.0, 22.1, 93.900002, 500.0, 1.0, 0.0, 27485.0, 0.0, 27.0, 0.0, 0.0, 0.0, 0.0, 0.0, 1.0 , 9.08, -3.84, -0.54, 24.60, 30.50, 23.47, 5.63, 101675.95, -0.32, 2.37
18:25:48.42,23.0, 27292.0, 229.0, 72.0, 22.1, 93.900002, 250.0, 1.0, 0.0, 27485.0, 0.0, 27.0, 0.0, 0.0, 0.0, 0.0, 0.0, 1.0 , 9.27, -3.84, -0.17, 24.61, 30.50, 23.45, 5.55, 101690.47, -0.33, 2.37
18:25:48.51,23.0, 27292.0, 229.0, 72.0, 22.1, 93.900002, 500.0, 1.0, 0.0, 27485.0, 17.0, 27.0, 0.0, 0.0, 0.0, 0.0, 0.0, 1.0 , 9.13, -3.95, -0.21, 24.60, 30.75, 23.46, 5.63, 101686.88, -0.33, 2.37
18:25:48.62,23.0, 27292.0, 229.0, 72.0, 22.1, 93.900002, 500.0, 1.0, 0.0, 27485.0, 0.0, 27.0, 0.0, 0.0, 0.0, 0.0, 0.0, 1.0 , 9.09, -3.88, -0.28, 24.61, 30.50, 23.46, 5.73, 101698.66, -0.34, 2.38
18:25:48.73,23.0, 27292.0, 229.0, 72.0, 22.1, 93.900002, 250.0, 1.0, 0.0, 27485.0, 0.0, 27.0, 0.0, 0.0, 0.0, 0.0, 0.0, 1.0 , 9.13, -3.97, -0.17, 24.61, 30.25, 23.45, 5.63, 101685.86, -0.32, 2.37
18:25:48.83,23.0, 27292.0, 229.0, 72.0, 22.1, 93.900002, 500.0, 1.0, 0.0, 27485.0, 0.0, 27.0, 0.0, 0.0, 0.0, 0.0, 0.0, 1.0 , 9.12, -4.20, 0.34, 24.61, 30.25, 23.46, 5.69, 101694.06, -0.33, 2.38
18:25:48.94,23.0, 27292.0, 229.0, 72.0, 22.1, 93.900002, 250.0, 1.0, 0.0, 27485.0, 0.0, 27.0, 0.0, 0.0, 0.0, 0.0, 0.0, 1.0 , 8.80, -3.53, -0.40, 24.61, 30.25, 23.46, 5.61, 101694.06, -0.33, 2.38
18:25:49.04,23.0, 27292.0, 229.0, 72.0, 22.1, 93.900002, 500.0, 1.0, 0.0, 27485.0, 0.0, 27.0, 0.0, 0.0, 0.0, 0.0, 0.0, 1.0 , 9.23, -3.50, 0.05, 24.61, 30.75, 23.45, 5.75, 101694.06, -0.33, 2.37
18:25:49.15,23.0, 27292.0, 229.0, 72.0, 22.1, 93.900002, 500.0, 1.0, 0.0, 27485.0, 0.0, 27.0, 0.0, 0.0, 0.0, 0.0, 0.0, 1.0 , 9.24, -4.22, -0.66, 24.61, 31.00, 23.46, 5.63, 101691.33, -0.33, 2.38
18:25:49.27,23.0, 27292.0, 229.0, 72.0, 22.1, 93.900002, 500.0, 1.0, 0.0, 27485.0, 0.0, 27.0, 0.0, 0.0, 0.0, 0.0, 0.0, 1.0 , 9.02, -3.62, -0.10, 24.61, 30.75, 23.45, 5.65, 101699.52, -0.34, 2.37
18:25:49.39,23.0, 27292.0, 229.0, 72.0, 22.1, 93.900002, 500.0, 1.0, 0.0, 27485.0, 0.0, 27.0, 0.0, 0.0, 0.0, 0.0, 0.0, 1.0 , 9.06, -3.86, -0.19, 24.61, 30.75, 23.46, 5.67, 101685.86, -0.32, 2.38
18:25:49.50,23.0, 27290.0, 228.0, 72.0, 22.1, 93.900002, 500.0, 1.0, 0.0, 27485.0, 0.0, 27.0, 0.0, 0.0, 0.0, 0.0, 0.0, 1.0 , 9.07, -3.85, -0.20, 24.62, 31.25, 23.46, 5.59, 101692.19, -0.33, 2.39
18:25:49.61,23.0, 27290.0, 228.0, 72.0, 22.1, 93.900002, 500.0, 1.0, 0.0, 27485.0, 0.0, 27.0, 0.0, 0.0, 0.0, 0.0, 0.0, 1.0 , 9.14, -3.98, -0.20, 24.61, 31.25, 23.47, 5.65, 101685.86, -0.32, 2.38
18:25:49.72,23.0, 27290.0, 228.0, 72.0, 22.1, 93.900002, 250.0, 1.0, 0.0, 27485.0, 0.0, 27.0, 0.0, 0.0, 0.0, 0.0, 0.0, 1.0 , 9.19, -3.92, -0.19, 24.62, 31.00, 23.45, 5.67, 101686.73, -0.33, 2.38
18:25:49.83,23.0, 27290.0, 228.0, 72.0, 22.1, 93.900002, 250.0, 1.0, 0.0, 27485.0, 0.0, 27.0, 0.0, 0.0, 0.0, 0.0, 0.0, 1.0 , 9.20, -3.98, -0.29, 24.61, 31.00, 23.46, 5.65, 101693.20, -0.33, 2.38
18:25:49.94,23.0, 27290.0, 228.0, 72.0, 22.1, 93.900002, 250.0, 1.0, 0.0, 27485.0, 0.0, 27.0, 0.0, 0.0, 0.0, 0.0, 0.0, 1.0 , 9.14, -3.94, -0.31, 24.62, 30.50, 23.45, 5.63, 101684.00, -0.32, 2.38
18:25:50.06,23.0, 27290.0, 228.0, 72.0, 22.1, 93.900002, 500.0, 1.0, 0.0, 27485.0, 0.0, 27.0, 0.0, 0.0, 0.0, 0.0, 0.0, 1.0 , 9.22, -3.91, -0.42, 24.61, 30.50, 23.45, 5.61, 101696.79, -0.33, 2.37
18:25:50.16,23.0, 27290.0, 228.0, 72.0, 22.1, 93.900002, 250.0, 1.0, 0.0, 27485.0, 0.0, 27.0, 0.0, 0.0, 0.0, 0.0, 0.0, 1.0 , 9.22, -3.89, -0.28, 24.62, 30.50, 23.45, 5.65, 101686.73, -0.33, 2.38
18:25:50.26,23.0, 27290.0, 228.0, 72.0, 22.1, 93.900002, 250.0, 1.0, 0.0, 27485.0, 0.0, 27.0, 0.0, 0.0, 0.0, 0.0, 0.0, 1.0 , 9.11, -3.96, 0.00, 24.61, 30.25, 23.46, 5.67, 101683.14, -0.32, 2.38
18:25:50.37,23.0, 27290.0, 228.0, 72.0, 22.1, 93.900002, 500.0, 1.0, 0.0, 27485.0, 0.0, 27.0, 0.0, 0.0, 0.0, 0.0, 0.0, 1.0 , 9.10, -3.87, -0.26, 24.62, 30.50, 23.45, 5.69, 101692.19, -0.33, 2.38
18:25:50.47,23.0, 27290.0, 228.0, 72.0, 22.1, 93.900002, 250.0, 1.0, 0.0, 27485.0, 0.0, 27.0, 0.0, 0.0, 0.0, 0.0, 0.0, 1.0 , 9.23, -3.92, -0.62, 24.62, 30.25, 23.45, 5.69, 101689.46, -0.33, 2.38
18:25:50.57,23.0, 27290.0, 228.0, 72.0, 22.1, 93.900002, 500.0, 1.0, 0.0, 27485.0, 17.0, 27.0, 0.0, 0.0, 0.0, 0.0, 0.0, 1.0 , 9.36, -4.02, -0.34, 24.62, 30.50, 23.45, 5.67, 101692.19, -0.33, 2.38
18:25:50.67,23.0, 27292.0, 229.0, 72.0, 22.1, 93.900002, 500.0, 1.0, 0.0, 27485.0, 0.0, 27.0, 0.0, 0.0, 0.0, 0.0, 0.0, 1.0 , 9.17, -3.91, -0.21, 24.61, 30.25, 23.46, 5.61, 101690.47, -0.33, 2.38
18:25:50.78,23.0, 27292.0, 229.0, 72.0, 22.1, 93.900002, 250.0, 1.0, 0.0, 27485.0, 0.0, 27.0, 0.0, 0.0, 0.0, 0.0, 0.0, 1.0 , 9.11, -3.93, -0.21, 24.62, 30.50, 23.45, 5.59, 101684.00, -0.32, 2.38
18:25:50.88,23.0, 27292.0, 229.0, 72.0, 22.1, 93.900002, 500.0, 1.0, 0.0, 27485.0, 0.0, 27.0, 0.0, 0.0, 0.0, 0.0, 0.0, 1.0 , 9.10, -3.90, -0.24, 24.62, 30.75, 23.45, 5.67, 101700.38, -0.34, 2.38
18:25:50.99,23.0, 27292.0, 229.0, 72.0, 22.1, 93.900002, 250.0, 1.0, 0.0, 27485.0, 0.0, 27.0, 0.0, 0.0, 0.0, 0.0, 0.0, 1.0 , 9.02, -3.94, 0.09, 24.63, 30.75, 23.45, 5.55, 101688.45, -0.33, 2.39
18:25:51.10,23.0, 27292.0, 229.0, 72.0, 22.1, 93.900002, 250.0, 1.0, 0.0, 27485.0, 0.0, 27.0, 0.0, 0.0, 0.0, 0.0, 0.0, 1.0 , 9.13, -3.92, -0.11, 24.62, 30.75, 23.45, 5.73, 101693.05, -0.33, 2.38
18:25:51.20,23.0, 27292.0, 229.0, 72.0, 22.1, 93.900002, 500.0, 1.0, 0.0, 27485.0, 0.0, 27.0, 0.0, 0.0, 0.0, 0.0, 0.0, 1.0 , 9.04, -3.90, 0.14, 24.62, 30.75, 23.45, 5.61, 101693.05, -0.33, 2.38
18:25:51.31,23.0, 27292.0, 229.0, 72.0, 22.1, 93.900002, 500.0, 1.0, 0.0, 27485.0, 0.0, 27.0, 0.0, 0.0, 0.0, 0.0, 0.0, 1.0 , 9.06, -4.04, 0.13, 24.63, 30.50, 23.44, 5.75, 101685.72, -0.32, 2.38
18:25:51.43,23.0, 27292.0, 229.0, 72.0, 22.1, 93.900002, 250.0, 1.0, 0.0, 27485.0, 0.0, 27.0, 0.0, 0.0, 0.0, 0.0, 0.0, 1.0 , 9.13, -3.95, -0.21, 24.62, 30.50, 23.46, 5.61, 101692.19, -0.33, 2.39
18:25:51.53,23.0, 27292.0, 229.0, 72.0, 22.1, 93.900002, 250.0, 1.0, 0.0, 27485.0, 17.0, 27.0, 0.0, 0.0, 0.0, 0.0, 0.0, 1.0 , 9.12, -3.88, -0.03, 24.63, 30.75, 23.45, 5.59, 101688.45, -0.33, 2.39
18:25:51.63,23.0, 27292.0, 229.0, 72.0, 22.1, 93.900002, 500.0, 1.0, 0.0, 27485.0, 17.0, 27.0, 0.0, 0.0, 0.0, 0.0, 0.0, 1.0 , 9.17, -3.98, 0.18, 24.62, 30.75, 23.47, 5.65, 101693.05, -0.33, 2.39
18:25:51.74,23.0, 27292.0, 229.0, 72.0, 22.1, 93.900002, 500.0, 1.0, 0.0, 27485.0, 0.0, 27.0, 0.0, 0.0, 0.0, 0.0, 0.0, 1.0 , 9.16, -3.95, -0.37, 24.62, 30.50, 23.45, 5.71, 101682.13, -0.32, 2.38
18:25:51.84,23.0, 27293.0, 229.0, 72.0, 22.1, 93.900002, 500.0, 1.0, 0.0, 27485.0, 0.0, 27.0, 0.0, 0.0, 0.0, 0.0, 0.0, 1.0 , 9.12, -3.96, -0.10, 24.62, 30.25, 23.45, 5.63, 101695.78, -0.33, 2.38
18:25:51.95,23.0, 27293.0, 229.0, 72.0, 22.1, 93.900002, 250.0, 1.0, 0.0, 27485.0, 0.0, 27.0, 0.0, 0.0, 0.0, 0.0, 0.0, 1.0 , 9.06, -3.87, -0.17, 24.62, 30.25, 23.45, 5.55, 101693.05, -0.33, 2.38
18:25:52.05,23.0, 27293.0, 229.0, 72.0, 22.1, 93.900002, 500.0, 1.0, 0.0, 27485.0, 0.0, 27.0, 0.0, 0.0, 0.0, 0.0, 0.0, 1.0 , 9.12, -3.87, -0.21, 24.63, 30.50, 23.43, 5.73, 101696.65, -0.33, 2.38
18:25:52.16,23.0, 27293.0, 229.0, 72.0, 22.1, 93.900002, 500.0, 1.0, 0.0, 27485.0, 0.0, 27.0, 0.0, 0.0, 0.0, 0.0, 0.0, 1.0 , 9.02, -3.94, -0.21, 24.62, 30.50, 23.44, 5.67, 101695.78, -0.33, 2.37
18:25:52.25,23.0, 27293.0, 229.0, 72.0, 22.1, 93.900002, 500.0, 1.0, 0.0, 27485.0, 53.0, 27.0, 0.0, 0.0, 0.0, 0.0, 0.0, 1.0 , 9.12, -3.95, -0.21, 24.62, 30.50, 23.44, 5.57, 101689.46, -0.33, 2.37
18:25:52.36,23.0, 27293.0, 229.0, 72.0, 22.1, 93.900002, 250.0, 1.0, 0.0, 27485.0, 17.0, 27.0, 0.0, 0.0, 0.0, 0.0, 0.0, 1.0 , 9.20, -4.02, 0.08, 24.62, 30.50, 23.46, 5.75, 101695.78, -0.33, 2.39
18:25:52.47,23.0, 27293.0, 229.0, 72.0, 22.1, 93.900002, 500.0, 1.0, 0.0, 27485.0, 17.0, 27.0, 0.0, 0.0, 0.0, 0.0, 0.0, 1.0 , 9.13, -3.90, -0.36, 24.62, 31.00, 23.45, 5.57, 101695.78, -0.33, 2.38
18:25:52.57,23.0, 27293.0, 229.0, 72.0, 22.1, 93.900002, 500.0, 1.0, 0.0, 27485.0, 0.0, 27.0, 0.0, 0.0, 0.0, 0.0, 0.0, 1.0 , 9.10, -3.91, -0.15, 24.64, 30.75, 23.47, 5.65, 101692.91, -0.33, 2.41
18:25:52.68,23.0, 27293.0, 229.0, 72.0, 22.1, 93.900002, 250.0, 1.0, 0.0, 27485.0, 0.0, 27.0, 0.0, 0.0, 0.0, 0.0, 0.0, 1.0 , 9.09, -3.78, -0.05, 24.63, 30.75, 23.45, 5.67, 101688.45, -0.33, 2.39
18:25:52.79,23.0, 27293.0, 229.0, 72.0, 22.1, 93.900002, 500.0, 1.0, 0.0, 27485.0, 0.0, 27.0, 0.0, 0.0, 0.0, 0.0, 0.0, 1.0 , 9.09, -3.91, -0.18, 24.62, 31.00, 23.45, 5.69, 101690.33, -0.33, 2.38
18:25:52.89,23.0, 27293.0, 229.0, 72.0, 22.1, 93.900002, 500.0, 1.0, 0.0, 27485.0, 0.0, 27.0, 0.0, 0.0, 0.0, 0.0, 0.0, 1.0 , 9.26, -3.87, -0.21, 24.64, 31.25, 23.45, 5.65, 101692.91, -0.33, 2.40
18:25:53.01,23.0, 27293.0, 229.0, 72.0, 22.1, 93.900002, 500.0, 1.0, 0.0, 27485.0, 0.0, 27.0, 0.0, 0.0, 0.0, 0.0, 0.0, 1.0 , 9.22, -3.88, -0.58, 24.63, 31.00, 23.44, 5.69, 101694.78, -0.33, 2.38
18:25:53.11,23.0, 27292.0, 229.0, 72.0, 22.1, 93.900002, 250.0, 1.0, 0.0, 27485.0, 0.0, 27.0, 0.0, 0.0, 0.0, 0.0, 0.0, 1.0 , 9.14, -3.94, -0.25, 24.63, 31.25, 23.43, 5.63, 101688.45, -0.33, 2.38
18:25:53.22,23.0, 27292.0, 229.0, 72.0, 22.1, 93.900002, 500.0, 1.0, 0.0, 27485.0, 0.0, 27.0, 0.0, 0.0, 0.0, 0.0, 0.0, 1.0 , 9.29, -3.92, -0.39, 24.63, 30.75, 23.45, 5.53, 101697.52, -0.34, 2.39
18:25:53.33,23.0, 27292.0, 229.0, 72.0, 22.1, 93.900002, 500.0, 1.0, 0.0, 27485.0, 0.0, 27.0, 0.0, 0.0, 0.0, 0.0, 0.0, 1.0 , 9.13, -3.93, -0.18, 24.64, 30.75, 23.44, 5.59, 101681.99, -0.32, 2.39
18:25:53.44,23.0, 27292.0, 229.0, 72.0, 22.1, 93.900002, 500.0, 1.0, 0.0, 27485.0, 0.0, 27.0, 0.0, 0.0, 0.0, 0.0, 0.0, 1.0 , 9.14, -3.95, -0.10, 24.62, 31.00, 23.43, 5.59, 101687.59, -0.33, 2.37
18:25:53.55,23.0, 27292.0, 229.0, 72.0, 22.1, 93.900002, 250.0, 1.0, 0.0, 27485.0, 0.0, 27.0, 0.0, 0.0, 0.0, 0.0, 0.0, 1.0 , 9.12, -3.75, -0.32, 24.63, 31.00, 23.45, 5.69, 101693.91, -0.33, 2.39
18:25:53.66,23.0, 27292.0, 229.0, 72.0, 22.1, 93.900002, 250.0, 1.0, 0.0, 27485.0, 0.0, 27.0, 0.0, 0.0, 0.0, 0.0, 0.0, 1.0 , 9.10, -3.92, -0.26, 24.63, 30.75, 23.44, 5.69, 101683.86, -0.32, 2.38
18:25:53.77,23.0, 27292.0, 229.0, 72.0, 22.1, 93.900002, 500.0, 1.0, 0.0, 27485.0, 17.0, 27.0, 0.0, 0.0, 0.0, 0.0, 0.0, 1.0 , 9.12, -3.93, -0.10, 24.63, 30.50, 23.44, 5.69, 101685.72, -0.32, 2.38
18:25:53.88,23.0, 27292.0, 229.0, 72.0, 22.1, 93.900002, 500.0, 1.0, 0.0, 27485.0, 17.0, 27.0, 0.0, 0.0, 0.0, 0.0, 0.0, 1.0 , 9.17, -3.83, -0.24, 24.64, 30.50, 23.46, 5.51, 101685.58, -0.32, 2.40
18:25:53.98,23.0, 27292.0, 229.0, 72.0, 22.1, 93.900002, 500.0, 1.0, 0.0, 27485.0, 0.0, 27.0, 0.0, 0.0, 0.0, 0.0, 0.0, 1.0 , 9.22, -3.95, 0.03, 24.63, 30.50, 23.44, 5.55, 101688.45, -0.33, 2.38
18:25:54.08,23.0, 27292.0, 229.0, 72.0, 22.1, 93.900002, 500.0, 1.0, 0.0, 27485.0, 17.0, 27.0, 0.0, 0.0, 0.0, 0.0, 0.0, 1.0 , 9.20, -3.90, -0.61, 24.63, 30.25, 23.45, 5.73, 101688.45, -0.33, 2.39
18:25:54.20,23.0, 27292.0, 229.0, 72.0, 22.1, 93.900002, 500.0, 1.0, 0.0, 27485.0, 0.0, 27.0, 0.0, 0.0, 0.0, 0.0, 0.0, 1.0 , 8.92, -3.98, -0.29, 24.63, 30.50, 23.44, 5.79, 101681.13, -0.32, 2.38
