16:47:29.16,23.0, 27469.0, 170.0, 75.0, 23.1, 98.300003, 500.0, 1.0, 0.0, 27600.0, 0.0, 26.0, 0.0, 0.0, 0.0, 0.0, 0.0, 1.0 , 9.31, -3.73, -0.49, 26.14, 32.25, 21.92, 5.65, 101925.55, -0.54, 2.70
16:47:29.37,23.0, 27469.0, 170.0, 75.0, 23.1, 98.300003, 500.0, 1.0, 0.0, 27600.0, 0.0, 26.0, 0.0, 0.0, 0.0, 0.0, 0.0, 1.0 , 9.19, -3.77, -0.30, 26.13, 32.75, 21.92, 5.71, 101919.21, -0.53, 2.69
16:47:29.55,23.0, 27469.0, 170.0, 75.0, 23.1, 98.300003, 500.0, 1.0, 0.0, 27600.0, 0.0, 26.0, 0.0, 0.0, 0.0, 0.0, 0.0, 1.0 , 9.21, -3.76, -0.27, 26.14, 32.75, 21.94, 5.75, 101925.55, -0.54, 2.71
16:47:29.74,23.0, 27469.0, 170.0, 75.0, 23.1, 98.300003, 500.0, 1.0, 0.0, 27600.0, 0.0, 26.0, 0.0, 0.0, 0.0, 0.0, 0.0, 1.0 , 9.16, -3.75, -0.10, 26.14, 32.50, 21.92, 5.73, 101918.20, -0.53, 2.70
16:47:29.95,23.0, 27469.0, 170.0, 75.0, 23.1, 98.300003, 500.0, 1.0, 0.0, 27600.0, 0.0, 26.0, 0.0, 0.0, 0.0, 0.0, 0.0, 1.0 , 9.22, -3.76, -0.28, 26.14, 32.50, 21.93, 5.73, 101923.67, -0.54, 2.71
16:47:30.14,23.0, 27469.0, 205.0, 75.0, 23.1, 98.300003, 500.0, 1.0, 0.0, 27600.0, 0.0, 26.0, 0.0, 0.0, 0.0, 0.0, 0.0, 1.0 , 9.15, -3.87, -0.20, 26.13, 32.25, 21.90, 5.57, 101916.47, -0.53, 2.68
16:47:30.34,23.0, 27469.0, 205.0, 75.0, 23.1, 98.300003, 500.0, 1.0, 0.0, 27600.0, 0.0, 26.0, 0.0, 0.0, 0.0, 0.0, 0.0, 1.0 , 9.10, -3.69, -0.43, 26.14, 32.00, 21.92, 5.75, 101925.55, -0.54, 2.70
16:47:30.49,23.0, 27469.0, 205.0, 75.0, 23.1, 98.300003, 500.0, 1.0, 0.0, 27600.0, 0.0, 26.0, 0.0, 0.0, 0.0, 0.0, 0.0, 1.0 , 9.18, -3.79, -0.32, 26.13, 32.50, 21.93, 5.75, 101911.00, -0.53, 2.70
16:47:30.63,23.0, 27469.0, 205.0, 75.0, 23.1, 98.300003, 500.0, 1.0, 0.0, 27600.0, 0.0, 26.0, 0.0, 0.0, 0.0, 0.0, 0.0, 1.0 , 8.95, -3.67, 0.04, 26.14, 32.50, 21.91, 5.73, 101922.81, -0.54, 2.69
16:47:30.77,23.0, 27469.0, 205.0, 75.0, 23.1, 98.300003, 500.0, 1.0, 0.0, 27600.0, 0.0, 26.0, 0.0, 0.0, 0.0, 0.0, 0.0, 1.0 , 9.27, -3.78, -0.29, 26.13, 32.00, 21.92, 5.61, 101924.69, -0.54, 2.69
16:47:30.90,23.0, 27469.0, 205.0, 75.0, 23.1, 98.300003, 500.0, 1.0, 0.0, 27600.0, 17.0, 26.0, 0.0, 0.0, 0.0, 0.0, 0.0, 1.0 , 9.20, -3.76, -0.34, 26.14, 32.00, 21.92, 5.57, 101925.55, -0.54, 2.70
16:47:31.06,23.0, 27469.0, 205.0, 75.0, 23.1, 98.300003, 500.0, 1.0, 0.0, 27600.0, 0.0, 26.0, 0.0, 0.0, 0.0, 0.0, 0.0, 1.0 , 9.18, -3.76, -0.52, 26.14, 32.25, 21.90, 5.63, 101925.55, -0.54, 2.69
16:47:31.28,23.0, 27469.0, 205.0, 75.0, 23.1, 98.300003, 500.0, 1.0, 0.0, 27600.0, 0.0, 26.0, 0.0, 0.0, 0.0, 0.0, 0.0, 1.0 , 9.15, -3.75, -0.14, 26.14, 32.75, 21.91, 5.73, 101920.94, -0.54, 2.69
16:47:31.46,23.0, 27468.0, 203.0, 75.0, 23.1, 98.300003, 500.0, 1.0, 0.0, 27600.0, 0.0, 26.0, 0.0, 0.0, 0.0, 0.0, 0.0, 1.0 , 9.24, -3.84, -0.11, 26.13, 33.00, 21.90, 5.75, 101913.73, -0.53, 2.68
16:47:31.72,23.0, 27468.0, 203.0, 75.0, 23.1, 98.300003, 500.0, 1.0, 0.0, 27600.0, 0.0, 26.0, 0.0, 0.0, 0.0, 0.0, 0.0, 1.0 , 9.16, -3.86, -0.54, 26.14, 32.75, 21.92, 5.79, 101928.28, -0.54, 2.70
16:47:31.95,23.0, 27468.0, 203.0, 75.0, 23.1, 98.300003, 500.0, 1.0, 0.0, 27600.0, 0.0, 26.0, 0.0, 0.0, 0.0, 0.0, 0.0, 1.0 , 9.14, -3.78, -0.18, 26.13, 32.25, 21.91, 5.71, 101916.47, -0.53, 2.69
16:47:32.14,23.0, 27468.0, 203.0, 75.0, 23.1, 98.300003, 500.0, 1.0, 0.0, 27600.0, 35.0, 26.0, 0.0, 0.0, 0.0, 0.0, 0.0, 1.0 , 9.21, -3.72, -0.37, 26.14, 32.00, 21.92, 5.65, 101925.55, -0.54, 2.70
16:47:32.36,23.0, 27468.0, 203.0, 75.0, 23.1, 98.300003, 500.0, 1.0, 0.0, 27600.0, 0.0, 26.0, 0.0, 0.0, 0.0, 0.0, 0.0, 1.0 , 9.18, -3.77, -0.50, 26.14, 32.00, 21.93, 5.82, 101926.41, -0.54, 2.71
16:47:32.53,23.0, 27468.0, 208.0, 75.0, 23.1, 98.300003, 500.0, 1.0, 0.0, 27600.0, 0.0, 26.0, 0.0, 0.0, 0.0, 0.0, 0.0, 1.0 , 9.35, -3.82, -0.52, 26.15, 32.00, 21.91, 5.71, 101927.28, -0.54, 2.70
16:47:32.82,23.0, 27468.0, 208.0, 75.0, 23.1, 98.300003, 500.0, 1.0, 0.0, 27600.0, 0.0, 26.0, 0.0, 0.0, 0.0, 0.0, 0.0, 1.0 , 9.18, -3.76, -0.51, 26.14, 32.75, 21.91, 5.77, 101920.94, -0.54, 2.69
16:47:33.01,23.0, 27468.0, 208.0, 75.0, 23.1, 98.300003, 500.0, 1.0, 0.0, 27600.0, 0.0, 26.0, 0.0, 0.0, 0.0, 0.0, 0.0, 1.0 , 9.17, -3.82, -0.29, 26.15, 32.50, 21.92, 5.77, 101922.66, -0.54, 2.71
16:47:33.24,23.0, 27468.0, 208.0, 75.0, 23.1, 98.300003, 500.0, 1.0, 0.0, 27600.0, 0.0, 26.0, 0.0, 0.0, 0.0, 0.0, 0.0, 1.0 , 9.04, -3.80, 0.17, 26.14, 32.00, 21.91, 5.63, 101920.08, -0.54, 2.69
16:47:33.40,23.0, 27468.0, 208.0, 75.0, 23.1, 98.300003, 500.0, 1.0, 0.0, 27600.0, 0.0, 26.0, 0.0, 0.0, 0.0, 0.0, 0.0, 1.0 , 9.25, -3.76, -0.41, 26.14, 32.50, 21.91, 5.69, 101915.46, -0.53, 2.69
16:47:33.55,23.0, 27468.0, 208.0, 75.0, 23.1, 98.300003, 500.0, 1.0, 0.0, 27600.0, 17.0, 26.0, 0.0, 0.0, 0.0, 0.0, 0.0, 1.0 , 9.25, -3.77, -0.24, 26.14, 32.50, 21.92, 5.65, 101920.08, -0.54, 2.70
16:47:33.70,23.0, 27468.0, 208.0, 75.0, 23.1, 98.300003, 500.0, 1.0, 0.0, 27600.0, 17.0, 26.0, 0.0, 0.0, 0.0, 0.0, 0.0, 1.0 , 9.16, -3.79, -0.27, 26.14, 32.25, 21.91, 5.59, 101920.08, -0.54, 2.69
16:47:33.84,23.0, 27467.0, 206.0, 75.0, 23.1, 98.300003, 500.0, 1.0, 0.0, 27600.0, 0.0, 26.0, 0.0, 0.0, 0.0, 0.0, 0.0, 1.0 , 9.03, -3.73, -0.08, 26.14, 32.75, 21.92, 5.75, 101920.08, -0.54, 2.70
16:47:33.97,23.0, 27467.0, 206.0, 75.0, 23.1, 98.300003, 500.0, 1.0, 0.0, 27600.0, 0.0, 26.0, 0.0, 0.0, 0.0, 0.0, 0.0, 1.0 , 9.19, -3.74, -0.30, 26.14, 32.25, 21.91, 5.77, 101918.20, -0.53, 2.69
16:47:34.11,23.0, 27467.0, 206.0, 75.0, 23.1, 98.300003, 500.0, 1.0, 0.0, 27600.0, 0.0, 26.0, 0.0, 0.0, 0.0, 0.0, 0.0, 1.0 , 9.21, -3.73, -0.36, 26.15, 32.25, 21.90, 5.51, 101921.80, -0.54, 2.70
16:47:34.25,23.0, 27467.0, 206.0, 75.0, 23.1, 98.300003, 500.0, 1.0, 0.0, 27600.0, 0.0, 26.0, 0.0, 0.0, 0.0, 0.0, 0.0, 1.0 , 9.24, -3.78, -0.67, 26.15, 32.00, 21.92, 5.69, 101924.54, -0.54, 2.71
16:47:34.40,23.0, 27467.0, 206.0, 75.0, 23.1, 98.300003, 500.0, 1.0, 0.0, 27600.0, 0.0, 26.0, 0.0, 0.0, 0.0, 0.0, 0.0, 1.0 , 9.21, -3.76, -0.34, 26.15, 32.00, 21.90, 5.69, 101925.41, -0.54, 2.70
16:47:34.54,23.0, 27467.0, 206.0, 75.0, 23.1, 98.300003, 500.0, 1.0, 0.0, 27600.0, 0.0, 26.0, 0.0, 0.0, 0.0, 0.0, 0.0, 1.0 , 8.95, -3.76, -0.25, 26.14, 32.75, 21.90, 5.67, 101926.41, -0.54, 2.69
16:47:34.69,23.0, 27467.0, 206.0, 75.0, 23.1, 98.300003, 500.0, 1.0, 0.0, 27600.0, 0.0, 26.0, 0.0, 0.0, 0.0, 0.0, 0.0, 1.0 , 9.28, -3.72, -0.33, 26.14, 32.75, 21.89, 5.61, 101922.81, -0.54, 2.68
16:47:34.83,23.0, 27467.0, 206.0, 75.0, 23.1, 98.300003, 500.0, 1.0, 0.0, 27600.0, 0.0, 26.0, 0.0, 0.0, 0.0, 0.0, 0.0, 1.0 , 9.07, -3.69, -0.46, 26.14, 32.50, 21.90, 5.75, 101920.94, -0.54, 2.69
16:47:34.98,23.0, 27469.0, 205.0, 75.0, 23.1, 98.300003, 500.0, 1.0, 0.0, 27600.0, 0.0, 26.0, 0.0, 0.0, 0.0, 0.0, 0.0, 1.0 , 9.19, -3.77, -0.13, 26.14, 32.75, 21.89, 5.69, 101922.81, -0.54, 2.68
16:47:35.11,23.0, 27469.0, 205.0, 75.0, 23.1, 98.300003, 500.0, 1.0, 0.0, 27600.0, 0.0, 26.0, 0.0, 0.0, 0.0, 0.0, 0.0, 1.0 , 9.10, -3.69, -0.21, 26.14, 33.00, 21.88, 5.67, 101915.46, -0.53, 2.67
16:47:35.27,23.0, 27469.0, 205.0, 75.0, 23.1, 98.300003, 500.0, 1.0, 0.0, 27600.0, 0.0, 26.0, 0.0, 0.0, 0.0, 0.0, 0.0, 1.0 , 9.20, -3.76, -0.33, 26.15, 33.00, 21.88, 5.82, 101916.33, -0.53, 2.68
16:47:35.41,23.0, 27469.0, 205.0, 75.0, 23.1, 98.300003, 500.0, 1.0, 0.0, 27600.0, 17.0, 26.0, 0.0, 0.0, 0.0, 0.0, 0.0, 1.0 , 9.06, -3.78, -0.30, 26.14, 32.50, 21.90, 5.75, 101917.34, -0.53, 2.69
16:47:35.59,23.0, 27469.0, 205.0, 75.0, 23.1, 98.300003, 500.0, 1.0, 0.0, 27600.0, 0.0, 26.0, 0.0, 0.0, 0.0, 0.0, 0.0, 1.0 , 9.07, -3.77, -0.39, 26.14, 32.50, 21.89, 5.73, 101920.94, -0.54, 2.68
16:47:35.78,23.0, 27469.0, 205.0, 75.0, 23.1, 98.300003, 500.0, 1.0, 0.0, 27600.0, 0.0, 26.0, 0.0, 0.0, 0.0, 0.0, 0.0, 1.0 , 9.36, -3.88, -0.10, 26.15, 33.00, 21.90, 5.69, 101921.80, -0.54, 2.70
16:47:35.93,23.0, 27469.0, 205.0, 75.0, 23.1, 98.300003, 500.0, 1.0, 0.0, 27600.0, 17.0, 26.0, 0.0, 0.0, 0.0, 0.0, 0.0, 1.0 , 9.18, -3.73, -0.30, 26.15, 33.00, 21.89, 5.65, 101925.41, -0.54, 2.69
16:47:36.08,23.0, 27469.0, 205.0, 75.0, 23.1, 98.300003, 500.0, 1.0, 0.0, 27600.0, 0.0, 26.0, 0.0, 0.0, 0.0, 0.0, 0.0, 1.0 , 9.33, -3.77, -0.02, 26.15, 32.50, 21.89, 5.75, 101914.45, -0.53, 2.69
16:47:36.23,23.0, 27466.0, 206.0, 75.0, 23.1, 98.300003, 500.0, 1.0, 0.0, 27600.0, 0.0, 26.0, 0.0, 0.0, 0.0, 0.0, 0.0, 1.0 , 9.32, -3.76, -0.29, 26.14, 32.25, 21.90, 5.55, 101920.94, -0.54, 2.69
16:47:37.81,23.0, 27468.0, 205.0, 75.0, 23.1, 98.300003, 500.0, 1.0, 0.0, 27600.0, 0.0, 26.0, 0.0, 0.0, 0.0, 0.0, 0.0, 1.0 , 9.13, -3.76, -0.34, 26.15, 32.25, 21.90, 5.75, 101919.06, -0.53, 2.70
16:47:38.01,23.0, 27468.0, 205.0, 75.0, 23.1, 98.300003, 500.0, 1.0, 0.0, 27600.0, 0.0, 26.0, 0.0, 0.0, 0.0, 0.0, 0.0, 1.0 , 9.16, -3.73, -0.46, 26.15, 32.00, 21.89, 5.77, 101921.80, -0.54, 2.69
16:47:38.21,23.0, 27468.0, 205.0, 75.0, 23.1, 98.300003, 500.0, 1.0, 0.0, 27600.0, 0.0, 26.0, 0.0, 0.0, 0.0, 0.0, 0.0, 1.0 , 9.02, -3.72, -0.11, 26.14, 32.00, 21.89, 5.77, 101918.20, -0.53, 2.68
16:47:38.40,23.0, 27468.0, 205.0, 75.0, 23.1, 98.300003, 500.0, 1.0, 0.0, 27600.0, 0.0, 26.0, 0.0, 0.0, 0.0, 0.0, 0.0, 1.0 , 8.95, -3.67, -0.60, 26.14, 32.50, 21.88, 5.63, 101926.41, -0.54, 2.67
16:47:38.57,23.0, 27465.0, 201.0, 75.0, 23.1, 98.300003, 500.0, 1.0, 0.0, 27600.0, 0.0, 26.0, 0.0, 0.0, 0.0, 0.0, 0.0, 1.0 , 9.30, -3.79, -0.57, 26.15, 32.50, 21.87, 5.79, 101921.80, -0.54, 2.68
16:47:38.73,23.0, 27465.0, 201.0, 75.0, 23.1, 98.300003, 500.0, 1.0, 0.0, 27600.0, 0.0, 26.0, 0.0, 0.0, 0.0, 0.0, 0.0, 1.0 , 9.21, -3.80, -0.30, 26.14, 32.50, 21.88, 5.79, 101929.15, -0.54, 2.67
16:47:38.87,23.0, 27465.0, 201.0, 75.0, 23.1, 98.300003, 500.0, 1.0, 0.0, 27600.0, 17.0, 26.0, 0.0, 0.0, 0.0, 0.0, 0.0, 1.0 , 9.11, -3.72, -0.39, 26.15, 32.50, 21.88, 5.75, 101927.28, -0.54, 2.68
16:47:39.02,23.0, 27465.0, 201.0, 75.0, 23.1, 98.300003, 500.0, 1.0, 0.0, 27600.0, 0.0, 26.0, 0.0, 0.0, 0.0, 0.0, 0.0, 1.0 , 9.16, -3.78, -0.51, 26.15, 32.50, 21.88, 5.69, 101925.41, -0.54, 2.68
16:47:39.16,23.0, 27465.0, 201.0, 75.0, 23.1, 98.300003, 500.0, 1.0, 0.0, 27600.0, 0.0, 26.0, 0.0, 0.0, 0.0, 0.0, 0.0, 1.0 , 9.17, -3.76, -0.31, 26.15, 32.00, 21.87, 5.67, 101921.80, -0.54, 2.68
16:47:39.30,23.0, 27465.0, 201.0, 75.0, 23.1, 98.300003, 500.0, 1.0, 0.0, 27600.0, 17.0, 26.0, 0.0, 0.0, 0.0, 0.0, 0.0, 1.0 , 9.20, -3.76, -0.17, 26.15, 32.25, 21.87, 5.63, 101919.06, -0.53, 2.68
16:47:39.44,23.0, 27465.0, 201.0, 75.0, 23.1, 98.300003, 500.0, 1.0, 0.0, 27600.0, 0.0, 26.0, 0.0, 0.0, 0.0, 0.0, 0.0, 1.0 , 9.35, -3.79, -0.59, 26.15, 32.25, 21.89, 5.69, 101927.28, -0.54, 2.69
16:47:39.60,23.0, 27465.0, 201.0, 75.0, 23.1, 98.300003, 500.0, 1.0, 0.0, 27600.0, 0.0, 26.0, 0.0, 0.0, 0.0, 0.0, 0.0, 1.0 , 9.13, -3.73, -0.39, 26.16, 32.25, 21.87, 5.65, 101924.39, -0.54, 2.69
16:47:39.79,23.0, 27467.0, 205.0, 75.0, 23.1, 98.300003, 500.0, 1.0, 0.0, 27600.0, 17.0, 26.0, 0.0, 0.0, 0.0, 0.0, 0.0, 1.0 , 9.22, -3.74, -0.13, 26.15, 32.00, 21.88, 5.73, 101925.41, -0.54, 2.68
16:47:40.00,23.0, 27467.0, 205.0, 75.0, 23.1, 98.300003, 500.0, 1.0, 0.0, 27600.0, 0.0, 26.0, 0.0, 0.0, 0.0, 0.0, 0.0, 1.0 , 9.27, -3.74, -0.37, 26.15, 32.75, 21.89, 5.61, 101927.28, -0.54, 2.69
16:47:40.19,23.0, 27467.0, 205.0, 75.0, 23.1, 98.300003, 500.0, 1.0, 0.0, 27600.0, 17.0, 26.0, 0.0, 0.0, 0.0, 0.0, 0.0, 1.0 , 9.21, -3.74, -0.40, 26.16, 32.50, 21.87, 5.69, 101926.27, -0.54, 2.69
16:47:40.41,23.0, 27467.0, 205.0, 75.0, 23.1, 98.300003, 500.0, 1.0, 0.0, 27600.0, 0.0, 26.0, 0.0, 0.0, 0.0, 0.0, 0.0, 1.0 , 9.25, -3.71, -0.44, 26.15, 32.75, 21.88, 5.61, 101921.80, -0.54, 2.68
16:47:40.65,23.0, 27467.0, 205.0, 75.0, 23.1, 98.300003, 500.0, 1.0, 0.0, 27600.0, 0.0, 26.0, 0.0, 0.0, 0.0, 0.0, 0.0, 1.0 , 9.15, -3.78, -0.25, 26.15, 33.00, 21.87, 5.73, 101933.61, -0.55, 2.68
16:47:40.88,23.0, 27467.0, 205.0, 75.0, 23.1, 98.300003, 250.0, 1.0, 0.0, 27600.0, 0.0, 26.0, 0.0, 0.0, 0.0, 0.0, 0.0, 1.0 , 9.19, -3.76, -0.16, 26.15, 32.75, 21.88, 5.63, 101919.92, -0.54, 2.68
16:47:41.12,23.0, 27468.0, 203.0, 75.0, 23.1, 98.300003, 500.0, 1.0, 0.0, 27600.0, 0.0, 26.0, 0.0, 0.0, 0.0, 0.0, 0.0, 1.0 , 9.21, -3.71, -0.69, 26.15, 32.75, 21.88, 5.73, 101908.98, -0.53, 2.68
16:47:41.35,23.0, 27468.0, 203.0, 75.0, 23.1, 98.300003, 500.0, 1.0, 0.0, 27600.0, 35.0, 26.0, 0.0, 0.0, 0.0, 0.0, 0.0, 1.0 , 9.06, -3.80, -0.09, 26.15, 32.25, 21.87, 5.77, 101925.41, -0.54, 2.68
16:47:41.56,23.0, 27468.0, 203.0, 75.0, 23.1, 98.300003, 500.0, 1.0, 0.0, 27600.0, 0.0, 26.0, 0.0, 0.0, 0.0, 0.0, 0.0, 1.0 , 9.21, -3.76, -0.32, 26.16, 32.25, 21.88, 5.69, 101918.05, -0.53, 2.69
16:47:41.74,23.0, 27468.0, 203.0, 75.0, 23.1, 98.300003, 250.0, 1.0, 0.0, 27600.0, 0.0, 26.0, 0.0, 0.0, 0.0, 0.0, 0.0, 1.0 , 9.18, -3.65, -0.31, 26.15, 32.25, 21.87, 5.67, 101919.06, -0.53, 2.68
16:47:41.90,23.0, 27468.0, 203.0, 75.0, 23.1, 98.300003, 500.0, 1.0, 0.0, 27600.0, 17.0, 26.0, 0.0, 0.0, 0.0, 0.0, 0.0, 1.0 , 9.06, -3.79, -0.16, 26.16, 32.50, 21.87, 5.77, 101918.05, -0.53, 2.69
16:47:42.05,23.0, 27468.0, 203.0, 75.0, 23.1, 98.300003, 500.0, 1.0, 0.0, 27600.0, 0.0, 26.0, 0.0, 0.0, 0.0, 0.0, 0.0, 1.0 , 9.14, -3.75, -0.48, 26.15, 32.50, 21.86, 5.77, 101914.45, -0.53, 2.67
16:47:42.22,23.0, 27463.0, 206.0, 75.0, 23.1, 98.300003, 500.0, 1.0, 0.0, 27600.0, 0.0, 26.0, 0.0, 0.0, 0.0, 0.0, 0.0, 1.0 , 9.23, -3.71, -0.35, 26.15, 32.50, 21.86, 5.71, 101917.19, -0.53, 2.67
16:47:42.43,23.0, 27463.0, 206.0, 75.0, 23.1, 98.300003, 500.0, 1.0, 0.0, 27600.0, 0.0, 26.0, 0.0, 0.0, 0.0, 0.0, 0.0, 1.0 , 8.88, -3.73, -0.18, 26.15, 32.50, 21.88, 5.71, 101921.80, -0.54, 2.68
16:47:42.69,23.0, 27463.0, 206.0, 75.0, 23.1, 98.300003, 500.0, 1.0, 0.0, 27600.0, 0.0, 26.0, 0.0, 0.0, 0.0, 0.0, 0.0, 1.0 , 9.18, -3.78, -0.10, 26.15, 32.25, 21.87, 5.73, 101913.59, -0.53, 2.68
16:47:42.87,23.0, 27463.0, 206.0, 75.0, 23.1, 98.300003, 250.0, 1.0, 0.0, 27600.0, 0.0, 26.0, 0.0, 0.0, 0.0, 0.0, 0.0, 1.0 , 9.19, -3.73, -0.18, 26.15, 32.50, 21.86, 5.71, 101916.33, -0.53, 2.67
16:47:43.10,23.0, 27463.0, 206.0, 75.0, 23.1, 98.300003, 500.0, 1.0, 0.0, 27600.0, 0.0, 26.0, 0.0, 0.0, 0.0, 0.0, 0.0, 1.0 , 9.04, -3.71, -0.13, 26.16, 32.00, 21.87, 5.71, 101909.84, -0.53, 2.69
16:47:43.31,23.0, 27465.0, 206.0, 75.0, 23.1, 98.300003, 500.0, 1.0, 0.0, 27600.0, 0.0, 26.0, 0.0, 0.0, 0.0, 0.0, 0.0, 1.0 , 9.15, -3.76, -0.16, 26.15, 32.75, 21.85, 5.75, 101916.33, -0.53, 2.66
16:47:43.55,23.0, 27465.0, 206.0, 75.0, 23.1, 98.300003, 500.0, 1.0, 0.0, 27600.0, 0.0, 26.0, 0.0, 0.0, 0.0, 0.0, 0.0, 1.0 , 9.18, -3.77, -0.34, 26.15, 32.75, 21.87, 5.75, 101919.92, -0.54, 2.68
16:47:43.68,23.0, 27465.0, 206.0, 75.0, 23.1, 98.300003, 500.0, 1.0, 0.0, 27600.0, 0.0, 26.0, 0.0, 0.0, 0.0, 0.0, 0.0, 1.0 , 9.22, -3.76, -0.15, 26.15, 32.25, 21.86, 5.75, 101908.11, -0.52, 2.67
16:47:43.83,23.0, 27465.0, 206.0, 75.0, 23.1, 98.300003, 500.0, 1.0, 0.0, 27600.0, 0.0, 26.0, 0.0, 0.0, 0.0, 0.0, 0.0, 1.0 , 9.22, -3.76, -0.20, 26.16, 32.75, 21.86, 5.69, 101918.91, -0.53, 2.68
16:47:43.97,23.0, 27465.0, 206.0, 75.0, 23.1, 98.300003, 500.0, 1.0, 0.0, 27600.0, 17.0, 26.0, 0.0, 0.0, 0.0, 0.0, 0.0, 1.0 , 9.08, -3.78, -0.02, 26.15, 33.00, 21.87, 5.69, 101919.92, -0.54, 2.68
16:47:44.12,23.0, 27465.0, 206.0, 75.0, 23.1, 98.300003, 500.0, 1.0, 0.0, 27600.0, 0.0, 26.0, 0.0, 0.0, 0.0, 0.0, 0.0, 1.0 , 9.19, -3.76, -0.39, 26.15, 32.75, 21.87, 5.65, 101914.45, -0.53, 2.68
16:47:44.26,23.0, 27465.0, 206.0, 75.0, 23.1, 98.300003, 500.0, 1.0, 0.0, 27600.0, 0.0, 26.0, 0.0, 0.0, 0.0, 0.0, 0.0, 1.0 , 8.89, -3.69, -0.07, 26.16, 32.50, 21.87, 5.75, 101915.31, -0.53, 2.69
16:47:44.40,23.0, 27465.0, 206.0, 75.0, 23.1, 98.300003, 500.0, 1.0, 0.0, 27600.0, 0.0, 26.0, 0.0, 0.0, 0.0, 0.0, 0.0, 1.0 , 9.16, -3.77, -0.24, 26.17, 32.25, 21.87, 5.73, 101925.25, -0.54, 2.69
16:47:44.55,23.0, 27466.0, 206.0, 75.0, 23.1, 98.300003, 250.0, 1.0, 0.0, 27600.0, 17.0, 26.0, 0.0, 0.0, 0.0, 0.0, 0.0, 1.0 , 9.10, -3.76, -0.31, 26.17, 32.25, 21.88, 5.75, 101922.52, -0.54, 2.70
16:47:44.69,23.0, 27466.0, 206.0, 75.0, 23.1, 98.300003, 500.0, 1.0, 0.0, 27600.0, 53.0, 26.0, 0.0, 0.0, 0.0, 0.0, 0.0, 1.0 , 9.16, -3.76, -0.32, 26.16, 32.50, 21.87, 5.65, 101915.31, -0.53, 2.69
16:47:44.84,23.0, 27466.0, 206.0, 75.0, 23.1, 98.300003, 500.0, 1.0, 0.0, 27600.0, 0.0, 26.0, 0.0, 0.0, 0.0, 0.0, 0.0, 1.0 , 9.27, -3.75, -0.11, 26.16, 32.50, 21.87, 5.67, 101929.00, -0.54, 2.69
16:47:44.99,23.0, 27466.0, 206.0, 75.0, 23.1, 98.300003, 500.0, 1.0, 0.0, 27600.0, 0.0, 26.0, 0.0, 0.0, 0.0, 0.0, 0.0, 1.0 , 9.25, -3.71, -0.27, 26.16, 32.50, 21.86, 5.75, 101920.79, -0.54, 2.68
16:47:45.14,23.0, 27466.0, 206.0, 75.0, 23.1, 98.300003, 500.0, 1.0, 0.0, 27600.0, 0.0, 26.0, 0.0, 0.0, 0.0, 0.0, 0.0, 1.0 , 9.10, -3.76, -0.04, 26.16, 32.50, 21.87, 5.71, 101918.05, -0.53, 2.69
16:47:46.26,23.0, 27466.0, 206.0, 75.0, 23.1, 98.300003, 500.0, 1.0, 0.0, 27600.0, 0.0, 26.0, 0.0, 0.0, 0.0, 0.0, 0.0, 1.0 , 9.22, -3.71, -0.41, 26.15, 32.00, 21.87, 5.63, 101922.66, -0.54, 2.68
16:47:46.45,23.0, 27466.0, 206.0, 75.0, 23.1, 98.300003, 500.0, 1.0, 0.0, 27600.0, 0.0, 26.0, 0.0, 0.0, 0.0, 0.0, 0.0, 1.0 , 9.22, -3.72, -0.33, 26.17, 32.50, 21.88, 5.69, 101922.52, -0.54, 2.70
16:47:46.65,23.0, 27466.0, 206.0, 75.0, 23.1, 98.300003, 500.0, 1.0, 0.0, 27600.0, 0.0, 26.0, 0.0, 0.0, 0.0, 0.0, 0.0, 1.0 , 9.16, -3.74, -0.32, 26.17, 32.75, 21.87, 5.63, 101917.04, -0.53, 2.69
16:47:46.78,23.0, 27466.0, 206.0, 75.0, 23.1, 98.300003, 500.0, 1.0, 0.0, 27600.0, 0.0, 26.0, 0.0, 0.0, 0.0, 0.0, 0.0, 1.0 , 9.15, -3.76, -0.30, 26.16, 32.75, 21.87, 5.84, 101920.79, -0.54, 2.69
16:47:46.95,23.0, 27466.0, 203.0, 75.0, 23.1, 98.300003, 500.0, 1.0, 0.0, 27600.0, 0.0, 26.0, 0.0, 0.0, 0.0, 0.0, 0.0, 1.0 , 9.14, -3.78, -0.05, 26.16, 32.50, 21.88, 5.65, 101924.39, -0.54, 2.69
16:47:47.10,23.0, 27466.0, 203.0, 75.0, 23.1, 98.300003, 500.0, 1.0, 0.0, 27600.0, 17.0, 26.0, 0.0, 0.0, 0.0, 0.0, 0.0, 1.0 , 9.23, -3.76, -0.16, 26.17, 32.25, 21.87, 5.73, 101919.78, -0.54, 2.69
16:47:47.31,23.0, 27466.0, 203.0, 75.0, 23.1, 98.300003, 500.0, 1.0, 0.0, 27600.0, 17.0, 26.0, 0.0, 0.0, 0.0, 0.0, 0.0, 1.0 , 9.17, -3.72, -0.47, 26.16, 32.75, 21.87, 5.71, 101920.79, -0.54, 2.69
16:47:47.51,23.0, 27466.0, 203.0, 75.0, 23.1, 98.300003, 500.0, 1.0, 0.0, 27600.0, 17.0, 26.0, 0.0, 0.0, 0.0, 0.0, 0.0, 1.0 , 9.17, -3.69, -0.08, 26.16, 32.25, 21.87, 5.75, 101921.66, -0.54, 2.69
16:47:47.75,23.0, 27466.0, 203.0, 75.0, 23.1, 98.300003, 500.0, 1.0, 0.0, 27600.0, 17.0, 26.0, 0.0, 0.0, 0.0, 0.0, 0.0, 1.0 , 9.15, -3.76, -0.17, 26.17, 32.50, 21.86, 5.63, 101914.30, -0.53, 2.69
16:47:47.95,23.0, 27466.0, 203.0, 75.0, 23.1, 98.300003, 500.0, 1.0, 0.0, 27600.0, 17.0, 26.0, 0.0, 0.0, 0.0, 0.0, 0.0, 1.0 , 9.02, -3.63, -0.42, 26.16, 32.25, 21.86, 5.69, 101923.53, -0.54, 2.68
16:47:48.18,23.0, 27465.0, 206.0, 75.0, 23.1, 98.300003, 500.0, 1.0, 0.0, 27600.0, 0.0, 26.0, 0.0, 0.0, 0.0, 0.0, 0.0, 1.0 , 9.05, -3.83, -0.46, 26.17, 32.50, 21.86, 5.69, 101922.52, -0.54, 2.69
16:47:48.42,23.0, 27465.0, 206.0, 75.0, 23.1, 98.300003, 500.0, 1.0, 0.0, 27600.0, 0.0, 26.0, 0.0, 0.0, 0.0, 0.0, 0.0, 1.0 , 9.17, -3.74, -0.29, 26.16, 32.75, 21.87, 5.67, 101918.05, -0.53, 2.69
16:47:48.60,23.0, 27465.0, 206.0, 75.0, 23.1, 98.300003, 500.0, 1.0, 0.0, 27600.0, 0.0, 26.0, 0.0, 0.0, 0.0, 0.0, 0.0, 1.0 , 9.18, -3.72, -0.51, 26.16, 32.75, 21.87, 5.86, 101921.66, -0.54, 2.69
16:47:48.75,23.0, 27465.0, 206.0, 75.0, 23.1, 98.300003, 250.0, 1.0, 0.0, 27600.0, 0.0, 26.0, 0.0, 0.0, 0.0, 0.0, 0.0, 1.0 , 9.20, -3.71, -0.24, 26.17, 33.00, 21.86, 5.73, 101919.78, -0.54, 2.69
16:47:48.91,23.0, 27465.0, 206.0, 75.0, 23.1, 98.300003, 500.0, 1.0, 0.0, 27600.0, 0.0, 26.0, 0.0, 0.0, 0.0, 0.0, 0.0, 1.0 , 9.11, -3.71, -0.34, 26.17, 32.75, 21.86, 5.67, 101922.52, -0.54, 2.69
16:47:49.06,23.0, 27465.0, 206.0, 75.0, 23.1, 98.300003, 500.0, 1.0, 0.0, 27600.0, 0.0, 26.0, 0.0, 0.0, 0.0, 0.0, 0.0, 1.0 , 9.00, -3.73, -0.27, 26.16, 32.50, 21.86, 5.75, 101921.66, -0.54, 2.68
16:47:49.21,23.0, 27465.0, 206.0, 75.0, 23.1, 98.300003, 500.0, 1.0, 0.0, 27600.0, 0.0, 26.0, 0.0, 0.0, 0.0, 0.0, 0.0, 1.0 , 9.17, -3.73, -0.35, 26.16, 32.25, 21.88, 5.75, 101921.66, -0.54, 2.69
16:47:49.36,23.0, 27463.0, 206.0, 75.0, 23.1, 98.300003, 500.0, 1.0, 0.0, 27600.0, 0.0, 26.0, 0.0, 0.0, 0.0, 0.0, 0.0, 1.0 , 9.05, -3.82, -0.29, 26.17, 32.50, 21.87, 5.61, 101922.52, -0.54, 2.69
16:47:49.48,23.0, 27463.0, 206.0, 75.0, 23.1, 98.300003, 500.0, 1.0, 0.0, 27600.0, 0.0, 26.0, 0.0, 0.0, 0.0, 0.0, 0.0, 1.0 , 9.33, -3.68, -0.62, 26.17, 32.25, 21.87, 5.73, 101914.30, -0.53, 2.69
16:47:49.60,23.0, 27463.0, 206.0, 75.0, 23.1, 98.300003, 500.0, 1.0, 0.0, 27600.0, 0.0, 26.0, 0.0, 0.0, 0.0, 0.0, 0.0, 1.0 , 9.31, -3.70, -0.65, 26.16, 32.50, 21.87, 5.69, 101918.91, -0.53, 2.69
16:47:49.73,23.0, 27463.0, 206.0, 75.0, 23.1, 98.300003, 500.0, 1.0, 0.0, 27600.0, 0.0, 26.0, 0.0, 0.0, 0.0, 0.0, 0.0, 1.0 , 9.23, -3.70, -0.13, 26.17, 32.25, 21.86, 5.71, 101922.52, -0.54, 2.69
16:47:51.49,23.0, 27464.0, 201.0, 75.0, 23.1, 98.300003, 500.0, 1.0, 0.0, 27600.0, 17.0, 26.0, 0.0, 0.0, 0.0, 0.0, 0.0, 1.0 , 9.04, -3.67, -0.28, 26.17, 33.00, 21.88, 5.77, 101912.43, -0.53, 2.70
16:47:51.64,23.0, 27464.0, 201.0, 75.0, 23.1, 98.300003, 500.0, 1.0, 0.0, 27600.0, 0.0, 26.0, 0.0, 0.0, 0.0, 0.0, 0.0, 1.0 , 9.11, -3.61, -0.69, 26.17, 32.75, 21.87, 5.65, 101922.52, -0.54, 2.69
16:47:51.80,23.0, 27465.0, 191.0, 75.0, 23.1, 98.300003, 500.0, 1.0, 0.0, 27600.0, 0.0, 26.0, 0.0, 0.0, 0.0, 0.0, 0.0, 1.0 , 8.99, -3.72, 0.11, 26.17, 32.50, 21.87, 5.69, 101917.91, -0.53, 2.69
16:47:51.96,23.0, 27465.0, 191.0, 75.0, 23.1, 98.300003, 500.0, 1.0, 0.0, 27600.0, 0.0, 26.0, 0.0, 0.0, 0.0, 0.0, 0.0, 1.0 , 9.23, -3.76, -0.28, 26.17, 32.25, 21.87, 5.67, 101922.52, -0.54, 2.69
16:47:52.11,23.0, 27465.0, 191.0, 75.0, 23.1, 98.300003, 500.0, 1.0, 0.0, 27600.0, 0.0, 26.0, 0.0, 0.0, 0.0, 0.0, 0.0, 1.0 , 9.19, -3.76, -0.34, 26.18, 32.50, 21.87, 5.86, 101918.77, -0.53, 2.70
16:47:52.28,23.0, 27465.0, 191.0, 75.0, 23.1, 98.300003, 500.0, 1.0, 0.0, 27600.0, 0.0, 26.0, 0.0, 0.0, 0.0, 0.0, 0.0, 1.0 , 9.34, -3.78, -0.26, 26.17, 32.25, 21.87, 5.51, 101922.52, -0.54, 2.69
16:47:52.43,23.0, 27465.0, 191.0, 75.0, 23.1, 98.300003, 500.0, 1.0, 0.0, 27600.0, 17.0, 26.0, 0.0, 0.0, 0.0, 0.0, 0.0, 1.0 , 9.32, -3.76, -0.56, 26.17, 32.50, 21.88, 5.69, 101920.64, -0.54, 2.70
16:47:52.61,23.0, 27465.0, 191.0, 75.0, 23.1, 98.300003, 500.0, 1.0, 0.0, 27600.0, 0.0, 26.0, 0.0, 0.0, 0.0, 0.0, 0.0, 1.0 , 9.17, -3.76, -0.27, 26.17, 32.25, 21.87, 5.73, 101925.25, -0.54, 2.69
16:47:52.76,23.0, 27465.0, 191.0, 75.0, 23.1, 98.300003, 500.0, 1.0, 0.0, 27600.0, 0.0, 26.0, 0.0, 0.0, 0.0, 0.0, 0.0, 1.0 , 9.14, -3.83, -0.27, 26.18, 32.25, 21.87, 5.65, 101926.98, -0.54, 2.70
16:47:52.91,23.0, 27465.0, 191.0, 75.0, 23.1, 98.300003, 500.0, 1.0, 0.0, 27600.0, 0.0, 26.0, 0.0, 0.0, 0.0, 0.0, 0.0, 1.0 , 9.17, -3.76, -0.25, 26.18, 32.25, 21.87, 5.73, 101921.51, -0.54, 2.70
16:47:53.03,23.0, 27467.0, 198.0, 75.0, 23.1, 98.300003, 500.0, 1.0, 0.0, 27600.0, 0.0, 26.0, 0.0, 0.0, 0.0, 0.0, 0.0, 1.0 , 9.10, -3.71, -0.34, 26.17, 32.75, 21.87, 5.75, 101915.17, -0.53, 2.69
16:47:53.14,23.0, 27467.0, 198.0, 75.0, 23.1, 98.300003, 500.0, 1.0, 0.0, 27600.0, 0.0, 26.0, 0.0, 0.0, 0.0, 0.0, 0.0, 1.0 , 9.20, -3.76, -0.29, 26.17, 32.75, 21.86, 5.61, 101919.78, -0.54, 2.69
16:47:53.29,23.0, 27467.0, 198.0, 75.0, 23.1, 98.300003, 500.0, 1.0, 0.0, 27600.0, 0.0, 26.0, 0.0, 0.0, 0.0, 0.0, 0.0, 1.0 , 9.20, -3.75, -0.46, 26.17, 32.75, 21.87, 5.73, 101914.30, -0.53, 2.69
16:47:53.45,23.0, 27467.0, 198.0, 75.0, 23.1, 98.300003, 500.0, 1.0, 0.0, 27600.0, 0.0, 26.0, 0.0, 0.0, 0.0, 0.0, 0.0, 1.0 , 9.18, -3.74, -0.42, 26.17, 32.25, 21.86, 5.77, 101915.17, -0.53, 2.69
16:47:53.60,23.0, 27467.0, 198.0, 75.0, 23.1, 98.300003, 500.0, 1.0, 0.0, 27600.0, 0.0, 26.0, 0.0, 0.0, 0.0, 0.0, 0.0, 1.0 , 9.21, -3.74, -0.29, 26.17, 32.50, 21.86, 5.79, 101917.91, -0.53, 2.69
16:47:53.71,23.0, 27467.0, 198.0, 75.0, 23.1, 98.300003, 500.0, 1.0, 0.0, 27600.0, 0.0, 26.0, 0.0, 0.0, 0.0, 0.0, 0.0, 1.0 , 9.19, -3.76, -0.30, 26.17, 32.50, 21.86, 5.59, 101912.43, -0.53, 2.69
16:47:53.83,23.0, 27467.0, 198.0, 75.0, 23.1, 98.300003, 500.0, 1.0, 0.0, 27600.0, 0.0, 26.0, 0.0, 0.0, 0.0, 0.0, 0.0, 1.0 , 9.17, -3.76, -0.14, 26.17, 32.75, 21.86, 5.69, 101926.13, -0.54, 2.69
16:47:53.95,23.0, 27467.0, 198.0, 75.0, 23.1, 98.300003, 500.0, 1.0, 0.0, 27600.0, 0.0, 26.0, 0.0, 0.0, 0.0, 0.0, 0.0, 1.0 , 9.22, -3.75, -0.30, 26.17, 32.50, 21.86, 5.75, 101914.30, -0.53, 2.69
16:47:54.07,23.0, 27467.0, 198.0, 75.0, 23.1, 98.300003, 500.0, 1.0, 0.0, 27600.0, 0.0, 26.0, 0.0, 0.0, 0.0, 0.0, 0.0, 1.0 , 9.15, -3.79, -0.04, 26.18, 32.50, 21.86, 5.82, 101921.51, -0.54, 2.70
16:47:54.18,23.0, 27467.0, 201.0, 75.0, 23.1, 98.300003, 500.0, 1.0, 0.0, 27600.0, 0.0, 26.0, 0.0, 0.0, 0.0, 0.0, 0.0, 1.0 , 9.20, -3.74, -0.35, 26.18, 32.50, 21.86, 5.69, 101918.77, -0.53, 2.70
16:47:54.30,23.0, 27467.0, 201.0, 75.0, 23.1, 98.300003, 500.0, 1.0, 0.0, 27600.0, 0.0, 26.0, 0.0, 0.0, 0.0, 0.0, 0.0, 1.0 , 9.35, -3.79, -0.05, 26.18, 32.50, 21.87, 5.73, 101919.60, -0.54, 2.70
16:47:55.40,23.0, 27466.0, 195.0, 75.0, 23.1, 98.300003, 500.0, 1.0, 0.0, 27600.0, 17.0, 26.0, 0.0, 0.0, 0.0, 0.0, 0.0, 1.0 , 9.17, -3.76, -0.04, 26.18, 33.00, 21.86, 5.79, 101924.25, -0.54, 2.70
16:47:55.57,23.0, 27466.0, 195.0, 75.0, 23.1, 98.300003, 500.0, 1.0, 0.0, 27600.0, 0.0, 26.0, 0.0, 0.0, 0.0, 0.0, 0.0, 1.0 , 9.18, -3.76, -0.27, 26.17, 32.75, 21.85, 5.67, 101923.38, -0.54, 2.68
16:47:55.71,23.0, 27466.0, 195.0, 75.0, 23.1, 98.300003, 250.0, 1.0, 0.0, 27600.0, 0.0, 26.0, 0.0, 0.0, 0.0, 0.0, 0.0, 1.0 , 9.22, -3.76, -0.29, 26.17, 32.50, 21.85, 5.65, 101912.43, -0.53, 2.68
16:47:55.89,23.0, 27466.0, 195.0, 75.0, 23.1, 98.300003, 500.0, 1.0, 0.0, 27600.0, 35.0, 26.0, 0.0, 0.0, 0.0, 0.0, 0.0, 1.0 , 9.17, -3.68, -0.44, 26.17, 32.75, 21.85, 5.71, 101915.17, -0.53, 2.68
16:47:57.61,23.0, 27467.0, 198.0, 75.0, 23.1, 98.300003, 500.0, 1.0, 0.0, 27600.0, 0.0, 26.0, 0.0, 0.0, 0.0, 0.0, 0.0, 1.0 , 9.22, -3.75, -0.31, 26.18, 32.25, 21.85, 5.77, 101927.81, -0.54, 2.69
16:47:57.76,23.0, 27463.0, 198.0, 75.0, 23.1, 98.300003, 500.0, 1.0, 0.0, 27600.0, 0.0, 26.0, 0.0, 0.0, 0.0, 0.0, 0.0, 1.0 , 9.21, -3.78, -0.29, 26.18, 32.25, 21.85, 5.77, 101913.30, -0.53, 2.69
16:47:57.94,23.0, 27463.0, 198.0, 75.0, 23.1, 98.300003, 500.0, 1.0, 0.0, 27600.0, 0.0, 26.0, 0.0, 0.0, 0.0, 0.0, 0.0, 1.0 , 9.34, -3.62, -0.64, 26.18, 32.75, 21.84, 5.61, 101921.51, -0.54, 2.68
16:47:58.10,23.0, 27463.0, 198.0, 75.0, 23.1, 98.300003, 500.0, 1.0, 0.0, 27600.0, 0.0, 26.0, 0.0, 0.0, 0.0, 0.0, 0.0, 1.0 , 9.20, -3.77, -0.29, 26.18, 32.75, 21.86, 5.67, 101918.77, -0.53, 2.70
16:47:58.28,23.0, 27463.0, 198.0, 75.0, 23.1, 98.300003, 500.0, 1.0, 0.0, 27600.0, 35.0, 26.0, 0.0, 0.0, 0.0, 0.0, 0.0, 1.0 , 9.19, -3.74, -0.33, 26.18, 32.50, 21.85, 5.69, 101918.77, -0.53, 2.69
16:47:58.44,23.0, 27463.0, 198.0, 75.0, 23.1, 98.300003, 500.0, 1.0, 0.0, 27600.0, 17.0, 26.0, 0.0, 0.0, 0.0, 0.0, 0.0, 1.0 , 9.16, -3.66, -0.45, 26.19, 32.25, 21.83, 5.65, 101923.20, -0.54, 2.68
16:47:58.59,23.0, 27463.0, 198.0, 75.0, 23.1, 98.300003, 500.0, 1.0, 0.0, 27600.0, 0.0, 26.0, 0.0, 0.0, 0.0, 0.0, 0.0, 1.0 , 9.18, -3.76, -0.34, 26.18, 32.75, 21.83, 5.77, 101916.86, -0.53, 2.68
16:47:58.71,23.0, 27463.0, 198.0, 75.0, 23.1, 98.300003, 500.0, 1.0, 0.0, 27600.0, 17.0, 26.0, 0.0, 0.0, 0.0, 0.0, 0.0, 1.0 , 9.17, -3.73, -0.20, 26.18, 32.50, 21.84, 5.77, 101919.60, -0.54, 2.68
16:47:58.83,23.0, 27463.0, 198.0, 75.0, 23.1, 98.300003, 500.0, 1.0, 0.0, 27600.0, 17.0, 26.0, 0.0, 0.0, 0.0, 0.0, 0.0, 1.0 , 9.13, -3.73, -0.35, 26.18, 32.25, 21.85, 5.84, 101922.34, -0.54, 2.69
16:47:58.95,23.0, 27463.0, 198.0, 75.0, 23.1, 98.300003, 500.0, 1.0, 0.0, 27600.0, 17.0, 26.0, 0.0, 0.0, 0.0, 0.0, 0.0, 1.0 , 9.19, -3.77, -0.29, 26.18, 32.25, 21.85, 5.67, 101914.13, -0.53, 2.69
16:47:59.07,23.0, 27463.0, 203.0, 75.0, 23.1, 98.300003, 500.0, 1.0, 0.0, 27600.0, 0.0, 26.0, 0.0, 0.0, 0.0, 0.0, 0.0, 1.0 , 9.18, -3.76, -0.34, 26.18, 32.25, 21.85, 5.63, 101914.13, -0.53, 2.69
16:47:59.19,23.0, 27463.0, 203.0, 75.0, 23.1, 98.300003, 500.0, 1.0, 0.0, 27600.0, 35.0, 26.0, 0.0, 0.0, 0.0, 0.0, 0.0, 1.0 , 9.20, -3.78, -0.29, 26.18, 32.25, 21.85, 5.65, 101916.03, -0.53, 2.69
16:47:59.30,23.0, 27463.0, 203.0, 75.0, 23.1, 98.300003, 500.0, 1.0, 0.0, 27600.0, 17.0, 26.0, 0.0, 0.0, 0.0, 0.0, 0.0, 1.0 , 9.22, -3.74, -0.32, 26.17, 32.75, 21.84, 5.69, 101920.64, -0.54, 2.67
16:47:59.42,23.0, 27463.0, 203.0, 75.0, 23.1, 98.300003, 500.0, 1.0, 0.0, 27600.0, 0.0, 26.0, 0.0, 0.0, 0.0, 0.0, 0.0, 1.0 , 9.12, -3.68, -0.49, 26.18, 33.00, 21.85, 5.71, 101925.08, -0.54, 2.69
16:47:59.54,23.0, 27463.0, 203.0, 75.0, 23.1, 98.300003, 500.0, 1.0, 0.0, 27600.0, 0.0, 26.0, 0.0, 0.0, 0.0, 0.0, 0.0, 1.0 , 9.34, -3.76, -0.39, 26.17, 32.25, 21.83, 5.77, 101917.91, -0.53, 2.67
16:47:59.66,23.0, 27463.0, 203.0, 75.0, 23.1, 98.300003, 500.0, 1.0, 0.0, 27600.0, 0.0, 26.0, 0.0, 0.0, 0.0, 0.0, 0.0, 1.0 , 9.18, -3.73, -0.33, 26.18, 32.25, 21.85, 5.69, 101916.03, -0.53, 2.69
16:47:59.79,23.0, 27463.0, 203.0, 75.0, 23.1, 98.300003, 500.0, 1.0, 0.0, 27600.0, 0.0, 26.0, 0.0, 0.0, 0.0, 0.0, 0.0, 1.0 , 9.21, -3.86, -0.18, 26.18, 32.50, 21.84, 5.67, 101916.86, -0.53, 2.68
16:48:02.92,23.0, 27464.0, 191.0, 75.0, 23.1, 98.300003, 500.0, 1.0, 0.0, 27600.0, 0.0, 26.0, 0.0, 0.0, 0.0, 0.0, 0.0, 1.0 , 9.22, -3.77, -0.41, 26.19, 33.00, 21.84, 5.65, 101923.20, -0.54, 2.69
16:48:03.03,23.0, 27464.0, 191.0, 75.0, 23.1, 98.300003, 500.0, 1.0, 0.0, 27600.0, 0.0, 26.0, 0.0, 0.0, 0.0, 0.0, 0.0, 1.0 , 9.11, -3.76, -0.33, 26.19, 32.75, 21.84, 5.69, 101918.59, -0.53, 2.69
16:48:03.15,23.0, 27464.0, 191.0, 75.0, 23.1, 98.300003, 500.0, 1.0, 0.0, 27600.0, 0.0, 26.0, 0.0, 0.0, 0.0, 0.0, 0.0, 1.0 , 9.20, -3.77, -0.32, 26.19, 32.75, 21.83, 5.63, 101917.73, -0.53, 2.68
16:48:03.27,23.0, 27464.0, 191.0, 75.0, 23.1, 98.300003, 500.0, 1.0, 0.0, 27600.0, 0.0, 26.0, 0.0, 0.0, 0.0, 0.0, 0.0, 1.0 , 9.20, -3.76, -0.32, 26.19, 32.75, 21.82, 5.79, 101914.98, -0.53, 2.68
16:48:03.41,23.0, 27464.0, 191.0, 75.0, 23.1, 98.300003, 250.0, 1.0, 0.0, 27600.0, 17.0, 26.0, 0.0, 0.0, 0.0, 0.0, 0.0, 1.0 , 9.17, -3.77, -0.33, 26.19, 32.25, 21.83, 5.71, 101921.33, -0.54, 2.68
16:48:03.59,23.0, 27464.0, 191.0, 75.0, 23.1, 98.300003, 500.0, 1.0, 0.0, 27600.0, 17.0, 26.0, 0.0, 0.0, 0.0, 0.0, 0.0, 1.0 , 9.08, -3.76, -0.41, 26.19, 32.75, 21.82, 5.77, 101914.98, -0.53, 2.68
16:48:03.75,23.0, 27462.0, 193.0, 75.0, 23.1, 98.300003, 500.0, 1.0, 0.0, 27600.0, 0.0, 26.0, 0.0, 0.0, 0.0, 0.0, 0.0, 1.0 , 9.19, -3.76, -0.29, 26.19, 32.25, 21.82, 5.75, 101923.20, -0.54, 2.68
16:48:03.91,23.0, 27462.0, 193.0, 75.0, 23.1, 98.300003, 500.0, 1.0, 0.0, 27600.0, 0.0, 26.0, 0.0, 0.0, 0.0, 0.0, 0.0, 1.0 , 9.22, -3.73, -0.21, 26.19, 32.25, 21.85, 5.73, 101914.98, -0.53, 2.70
16:48:04.08,23.0, 27462.0, 193.0, 75.0, 23.1, 98.300003, 500.0, 1.0, 0.0, 27600.0, 17.0, 26.0, 0.0, 0.0, 0.0, 0.0, 0.0, 1.0 , 9.25, -3.76, -0.56, 26.19, 32.50, 21.83, 5.73, 101918.59, -0.53, 2.68
16:48:04.25,23.0, 27462.0, 193.0, 75.0, 23.1, 98.300003, 500.0, 1.0, 0.0, 27600.0, 0.0, 26.0, 0.0, 0.0, 0.0, 0.0, 0.0, 1.0 , 9.26, -3.73, -0.41, 26.19, 33.00, 21.83, 5.67, 101917.73, -0.53, 2.68
16:48:04.43,23.0, 27462.0, 193.0, 75.0, 23.1, 98.300003, 500.0, 1.0, 0.0, 27600.0, 0.0, 26.0, 0.0, 0.0, 0.0, 0.0, 0.0, 1.0 , 9.20, -3.77, -0.33, 26.20, 32.50, 21.83, 5.67, 101927.67, -0.54, 2.69
16:48:04.62,23.0, 27462.0, 193.0, 75.0, 23.1, 98.300003, 500.0, 1.0, 0.0, 27600.0, 35.0, 26.0, 0.0, 0.0, 0.0, 0.0, 0.0, 1.0 , 9.40, -3.76, -0.02, 26.19, 32.75, 21.84, 5.65, 101914.98, -0.53, 2.69
16:48:04.80,23.0, 27462.0, 193.0, 75.0, 23.1, 98.300003, 500.0, 1.0, 0.0, 27600.0, 0.0, 26.0, 0.0, 0.0, 0.0, 0.0, 0.0, 1.0 , 9.17, -3.71, -0.30, 26.19, 32.50, 21.84, 5.73, 101920.47, -0.54, 2.69
16:48:04.97,23.0, 27464.0, 203.0, 75.0, 23.1, 98.300003, 500.0, 1.0, 0.0, 27600.0, 0.0, 26.0, 0.0, 0.0, 0.0, 0.0, 0.0, 1.0 , 9.20, -3.75, -0.39, 26.19, 32.75, 21.82, 5.73, 101912.25, -0.53, 2.68
16:48:05.30,23.0, 27464.0, 203.0, 75.0, 23.1, 98.300003, 500.0, 1.0, 0.0, 27600.0, 0.0, 26.0, 0.0, 0.0, 0.0, 0.0, 0.0, 1.0 , 9.18, -3.76, -0.32, 26.19, 32.75, 21.82, 5.67, 101915.85, -0.53, 2.68
16:48:05.48,23.0, 27464.0, 203.0, 75.0, 23.1, 98.300003, 500.0, 1.0, 0.0, 27600.0, 0.0, 26.0, 0.0, 0.0, 0.0, 0.0, 0.0, 1.0 , 9.19, -3.76, -0.28, 26.18, 32.50, 21.83, 5.69, 101922.34, -0.54, 2.68
16:48:05.64,23.0, 27464.0, 203.0, 75.0, 23.1, 98.300003, 500.0, 1.0, 0.0, 27600.0, 0.0, 26.0, 0.0, 0.0, 0.0, 0.0, 0.0, 1.0 , 9.15, -3.76, -0.30, 26.19, 32.25, 21.82, 5.69, 101917.73, -0.53, 2.68
16:48:05.82,23.0, 27464.0, 203.0, 75.0, 23.1, 98.300003, 500.0, 1.0, 0.0, 27600.0, 0.0, 26.0, 0.0, 0.0, 0.0, 0.0, 0.0, 1.0 , 9.08, -3.65, -0.31, 26.19, 32.25, 21.83, 5.65, 101921.33, -0.54, 2.68
16:48:05.98,23.0, 27464.0, 203.0, 75.0, 23.1, 98.300003, 500.0, 1.0, 0.0, 27600.0, 0.0, 26.0, 0.0, 0.0, 0.0, 0.0, 0.0, 1.0 , 9.03, -3.65, -0.66, 26.20, 32.25, 21.83, 5.71, 101924.93, -0.54, 2.69
16:48:06.12,23.0, 27464.0, 203.0, 75.0, 23.1, 98.300003, 500.0, 1.0, 0.0, 27600.0, 17.0, 26.0, 0.0, 0.0, 0.0, 0.0, 0.0, 1.0 , 9.17, -3.72, -0.31, 26.19, 32.50, 21.82, 5.69, 101914.98, -0.53, 2.68
16:48:06.26,23.0, 27460.0, 203.0, 75.0, 23.1, 98.300003, 500.0, 1.0, 0.0, 27600.0, 17.0, 26.0, 0.0, 0.0, 0.0, 0.0, 0.0, 1.0 , 9.22, -3.72, -0.35, 26.20, 32.50, 21.82, 5.67, 101923.05, -0.54, 2.69
16:48:07.34,23.0, 27460.0, 203.0, 75.0, 23.1, 98.300003, 500.0, 1.0, 0.0, 27600.0, 17.0, 26.0, 0.0, 0.0, 0.0, 0.0, 0.0, 1.0 , 9.28, -3.81, -0.41, 26.19, 32.50, 21.83, 5.65, 101913.11, -0.53, 2.68
16:48:07.51,23.0, 27468.0, 203.0, 75.0, 23.1, 98.300003, 500.0, 1.0, 0.0, 27600.0, 0.0, 26.0, 0.0, 0.0, 0.0, 0.0, 0.0, 1.0 , 9.17, -3.74, -0.29, 26.19, 32.75, 21.82, 5.69, 101915.85, -0.53, 2.68
16:48:07.67,23.0, 27468.0, 203.0, 75.0, 23.1, 98.300003, 500.0, 1.0, 0.0, 27600.0, 17.0, 26.0, 0.0, 0.0, 0.0, 0.0, 0.0, 1.0 , 9.21, -3.77, -0.33, 26.20, 32.75, 21.82, 5.75, 101919.45, -0.54, 2.69
16:48:07.86,23.0, 27468.0, 203.0, 75.0, 23.1, 98.300003, 500.0, 1.0, 0.0, 27600.0, 0.0, 26.0, 0.0, 0.0, 0.0, 0.0, 0.0, 1.0 , 9.35, -3.81, -0.48, 26.20, 33.00, 21.83, 5.65, 101924.93, -0.54, 2.69
16:48:08.02,23.0, 27468.0, 203.0, 75.0, 23.1, 98.300003, 500.0, 1.0, 0.0, 27600.0, 35.0, 26.0, 0.0, 0.0, 0.0, 0.0, 0.0, 1.0 , 9.19, -3.77, -0.32, 26.20, 33.00, 21.81, 5.65, 101919.45, -0.54, 2.68
16:48:08.18,23.0, 27468.0, 203.0, 75.0, 23.1, 98.300003, 500.0, 1.0, 0.0, 27600.0, 0.0, 26.0, 0.0, 0.0, 0.0, 0.0, 0.0, 1.0 , 9.19, -3.71, -0.30, 26.20, 32.75, 21.82, 5.59, 101917.58, -0.53, 2.69
16:48:08.35,23.0, 27468.0, 203.0, 75.0, 23.1, 98.300003, 500.0, 1.0, 0.0, 27600.0, 0.0, 26.0, 0.0, 0.0, 0.0, 0.0, 0.0, 1.0 , 9.17, -3.74, -0.46, 26.19, 32.25, 21.81, 5.71, 101921.33, -0.54, 2.67
16:48:08.50,23.0, 27468.0, 203.0, 75.0, 23.1, 98.300003, 500.0, 1.0, 0.0, 27600.0, 0.0, 26.0, 0.0, 0.0, 0.0, 0.0, 0.0, 1.0 , 9.39, -3.80, -0.67, 26.20, 32.50, 21.82, 5.73, 101919.45, -0.54, 2.69
16:48:08.62,23.0, 27467.0, 203.0, 75.0, 23.1, 98.300003, 500.0, 1.0, 0.0, 27600.0, 0.0, 26.0, 0.0, 0.0, 0.0, 0.0, 0.0, 1.0 , 9.24, -3.81, -0.29, 26.20, 32.50, 21.82, 5.67, 101912.10, -0.53, 2.69
16:48:08.74,23.0, 27467.0, 203.0, 75.0, 23.1, 98.300003, 500.0, 1.0, 0.0, 27600.0, 0.0, 26.0, 0.0, 0.0, 0.0, 0.0, 0.0, 1.0 , 9.20, -3.79, -0.34, 26.19, 32.25, 21.82, 5.69, 101915.85, -0.53, 2.68
16:48:08.85,23.0, 27467.0, 203.0, 75.0, 23.1, 98.300003, 500.0, 1.0, 0.0, 27600.0, 0.0, 26.0, 0.0, 0.0, 0.0, 0.0, 0.0, 1.0 , 9.09, -3.76, -0.40, 26.19, 32.25, 21.81, 5.75, 101914.98, -0.53, 2.67
16:48:08.98,23.0, 27467.0, 203.0, 75.0, 23.1, 98.300003, 500.0, 1.0, 0.0, 27600.0, 0.0, 26.0, 0.0, 0.0, 0.0, 0.0, 0.0, 1.0 , 9.17, -3.81, -0.49, 26.21, 32.50, 21.82, 5.67, 101923.92, -0.54, 2.69
16:48:09.12,23.0, 27467.0, 203.0, 75.0, 23.1, 98.300003, 500.0, 1.0, 0.0, 27600.0, 0.0, 26.0, 0.0, 0.0, 0.0, 0.0, 0.0, 1.0 , 9.27, -3.71, -0.33, 26.19, 32.50, 21.82, 5.63, 101915.85, -0.53, 2.68
16:48:09.23,23.0, 27467.0, 203.0, 75.0, 23.1, 98.300003, 500.0, 1.0, 0.0, 27600.0, 0.0, 26.0, 0.0, 0.0, 0.0, 0.0, 0.0, 1.0 , 9.20, -3.72, -0.16, 26.20, 32.25, 21.83, 5.67, 101916.72, -0.53, 2.69
16:48:09.34,23.0, 27467.0, 203.0, 75.0, 23.1, 98.300003, 500.0, 1.0, 0.0, 27600.0, 0.0, 26.0, 0.0, 0.0, 0.0, 0.0, 0.0, 1.0 , 9.13, -3.77, -0.08, 26.20, 32.00, 21.80, 5.73, 101914.84, -0.53, 2.67
16:48:09.48,23.0, 27467.0, 203.0, 75.0, 23.1, 98.300003, 500.0, 1.0, 0.0, 27600.0, 0.0, 26.0, 0.0, 0.0, 0.0, 0.0, 0.0, 1.0 , 9.19, -3.77, -0.40, 26.21, 32.25, 21.81, 5.63, 101918.45, -0.53, 2.69
16:48:09.60,23.0, 27467.0, 203.0, 75.0, 23.1, 98.300003, 500.0, 1.0, 0.0, 27600.0, 0.0, 26.0, 0.0, 0.0, 0.0, 0.0, 0.0, 1.0 , 9.17, -3.79, -0.17, 26.19, 32.25, 21.84, 5.67, 101921.33, -0.54, 2.69
16:48:09.73,23.0, 27467.0, 203.0, 75.0, 23.1, 98.300003, 500.0, 1.0, 0.0, 27600.0, 0.0, 26.0, 0.0, 0.0, 0.0, 0.0, 0.0, 1.0 , 9.10, -3.65, -0.54, 26.20, 32.00, 21.82, 5.71, 101913.98, -0.53, 2.69
16:48:09.85,23.0, 27466.0, 200.0, 75.0, 23.1, 98.300003, 500.0, 1.0, 0.0, 27600.0, 0.0, 26.0, 0.0, 0.0, 0.0, 0.0, 0.0, 1.0 , 9.22, -3.69, -0.60, 26.20, 32.25, 21.81, 5.59, 101911.23, -0.53, 2.68
16:48:09.97,23.0, 27466.0, 200.0, 75.0, 23.1, 98.300003, 500.0, 1.0, 0.0, 27600.0, 0.0, 26.0, 0.0, 0.0, 0.0, 0.0, 0.0, 1.0 , 9.27, -3.69, -0.20, 26.20, 32.50, 21.81, 5.59, 101911.23, -0.53, 2.68
16:48:12.98,23.0, 27468.0, 191.0, 75.0, 23.1, 98.300003, 500.0, 1.0, 0.0, 27600.0, 0.0, 26.0, 0.0, 0.0, 0.0, 0.0, 0.0, 1.0 , 9.24, -3.76, -0.17, 26.20, 32.00, 21.81, 5.75, 101914.84, -0.53, 2.68
16:48:13.18,23.0, 27468.0, 191.0, 75.0, 23.1, 98.300003, 500.0, 1.0, 0.0, 27600.0, 0.0, 26.0, 0.0, 0.0, 0.0, 0.0, 0.0, 1.0 , 9.17, -3.77, -0.27, 26.21, 32.00, 21.80, 5.67, 101913.83, -0.53, 2.68
16:48:13.33,23.0, 27468.0, 191.0, 75.0, 23.1, 98.300003, 500.0, 1.0, 0.0, 27600.0, 0.0, 26.0, 0.0, 0.0, 0.0, 0.0, 0.0, 1.0 , 9.11, -3.74, -0.11, 26.21, 32.75, 21.81, 5.73, 101912.97, -0.53, 2.69
16:48:13.50,23.0, 27464.0, 191.0, 75.0, 23.1, 98.300003, 500.0, 1.0, 0.0, 27600.0, 0.0, 26.0, 0.0, 0.0, 0.0, 0.0, 0.0, 1.0 , 9.17, -3.74, -0.30, 26.21, 32.75, 21.80, 5.71, 101910.23, -0.53, 2.68
16:48:13.66,23.0, 27464.0, 191.0, 75.0, 23.1, 98.300003, 500.0, 1.0, 0.0, 27600.0, 17.0, 26.0, 0.0, 0.0, 0.0, 0.0, 0.0, 1.0 , 9.22, -3.74, -0.25, 26.21, 33.00, 21.81, 5.77, 101911.09, -0.53, 2.69
16:48:13.83,23.0, 27464.0, 191.0, 75.0, 23.1, 98.300003, 500.0, 1.0, 0.0, 27600.0, 35.0, 26.0, 0.0, 0.0, 0.0, 0.0, 0.0, 1.0 , 9.22, -3.69, -0.40, 26.20, 33.00, 21.80, 5.69, 101912.10, -0.53, 2.67
16:48:13.97,23.0, 27464.0, 191.0, 75.0, 23.1, 98.300003, 500.0, 1.0, 0.0, 27600.0, 0.0, 26.0, 0.0, 0.0, 0.0, 0.0, 0.0, 1.0 , 9.21, -3.77, 0.00, 26.20, 32.50, 21.79, 5.75, 101914.84, -0.53, 2.67
16:48:14.10,23.0, 27464.0, 191.0, 75.0, 23.1, 98.300003, 500.0, 1.0, 0.0, 27600.0, 0.0, 26.0, 0.0, 0.0, 0.0, 0.0, 0.0, 1.0 , 9.21, -3.76, -0.19, 26.22, 32.25, 21.81, 5.73, 101920.17, -0.54, 2.70
16:48:14.22,23.0, 27464.0, 191.0, 75.0, 23.1, 98.300003, 500.0, 1.0, 0.0, 27600.0, 0.0, 26.0, 0.0, 0.0, 0.0, 0.0, 0.0, 1.0 , 9.21, -3.78, -0.33, 26.21, 32.25, 21.80, 5.65, 101912.97, -0.53, 2.68
16:48:14.34,23.0, 27464.0, 191.0, 75.0, 23.1, 98.300003, 500.0, 1.0, 0.0, 27600.0, 0.0, 26.0, 0.0, 0.0, 0.0, 0.0, 0.0, 1.0 , 9.16, -3.74, -0.34, 26.22, 32.25, 21.79, 5.73, 101920.17, -0.54, 2.68
16:48:14.45,23.0, 27464.0, 191.0, 75.0, 23.1, 98.300003, 500.0, 1.0, 0.0, 27600.0, 0.0, 26.0, 0.0, 0.0, 0.0, 0.0, 0.0, 1.0 , 9.25, -3.73, -0.23, 26.21, 32.25, 21.81, 5.63, 101921.18, -0.54, 2.69
16:48:14.57,23.0, 27464.0, 191.0, 75.0, 23.1, 98.300003, 500.0, 1.0, 0.0, 27600.0, 0.0, 26.0, 0.0, 0.0, 0.0, 0.0, 0.0, 1.0 , 9.18, -3.76, -0.39, 26.20, 32.25, 21.80, 5.86, 101912.10, -0.53, 2.67
16:48:14.69,23.0, 27466.0, 203.0, 75.0, 23.1, 98.300003, 500.0, 1.0, 0.0, 27600.0, 0.0, 26.0, 0.0, 0.0, 0.0, 0.0, 0.0, 1.0 , 9.27, -3.72, -0.86, 26.21, 32.25, 21.80, 5.82, 101915.70, -0.53, 2.68
16:48:14.81,23.0, 27466.0, 203.0, 75.0, 23.1, 98.300003, 500.0, 1.0, 0.0, 27600.0, 0.0, 26.0, 0.0, 0.0, 0.0, 0.0, 0.0, 1.0 , 9.16, -3.71, -0.62, 26.22, 32.25, 21.79, 5.59, 101920.17, -0.54, 2.68
16:48:14.94,23.0, 27466.0, 203.0, 75.0, 23.1, 98.300003, 500.0, 1.0, 0.0, 27600.0, 0.0, 26.0, 0.0, 0.0, 0.0, 0.0, 0.0, 1.0 , 9.31, -3.73, -0.52, 26.21, 32.25, 21.80, 5.77, 101915.70, -0.53, 2.68
16:48:15.06,23.0, 27466.0, 203.0, 75.0, 23.1, 98.300003, 500.0, 1.0, 0.0, 27600.0, 0.0, 26.0, 0.0, 0.0, 0.0, 0.0, 0.0, 1.0 , 9.20, -3.77, -0.46, 26.20, 32.00, 21.80, 5.75, 101911.23, -0.53, 2.67
16:48:15.18,23.0, 27466.0, 203.0, 75.0, 23.1, 98.300003, 500.0, 1.0, 0.0, 27600.0, 0.0, 26.0, 0.0, 0.0, 0.0, 0.0, 0.0, 1.0 , 9.17, -3.72, -0.30, 26.21, 32.00, 21.80, 5.69, 101921.18, -0.54, 2.68
16:48:15.29,23.0, 27466.0, 203.0, 75.0, 23.1, 98.300003, 500.0, 1.0, 0.0, 27600.0, 17.0, 26.0, 0.0, 0.0, 0.0, 0.0, 0.0, 1.0 , 9.25, -3.75, -0.24, 26.21, 32.25, 21.79, 5.71, 101918.45, -0.53, 2.68
16:48:15.41,23.0, 27466.0, 203.0, 75.0, 23.1, 98.300003, 500.0, 1.0, 0.0, 27600.0, 0.0, 26.0, 0.0, 0.0, 0.0, 0.0, 0.0, 1.0 , 9.02, -3.78, -0.12, 26.21, 32.00, 21.79, 5.73, 101918.45, -0.53, 2.68
16:48:15.52,23.0, 27466.0, 203.0, 75.0, 23.1, 98.300003, 500.0, 1.0, 0.0, 27600.0, 35.0, 26.0, 0.0, 0.0, 0.0, 0.0, 0.0, 1.0 , 9.18, -3.76, -0.01, 26.21, 32.75, 21.80, 5.59, 101912.97, -0.53, 2.68
16:48:15.63,23.0, 27466.0, 203.0, 75.0, 23.1, 98.300003, 500.0, 1.0, 0.0, 27600.0, 0.0, 26.0, 0.0, 0.0, 0.0, 0.0, 0.0, 1.0 , 9.28, -3.81, -0.21, 26.21, 32.00, 21.80, 5.59, 101913.83, -0.53, 2.68
16:48:18.37,23.0, 27465.0, 193.0, 75.0, 23.1, 98.300003, 500.0, 1.0, 0.0, 27600.0, 0.0, 26.0, 0.0, 0.0, 0.0, 0.0, 0.0, 1.0 , 9.34, -3.72, -0.14, 26.21, 32.25, 21.79, 5.61, 101910.23, -0.53, 2.68
16:48:18.49,23.0, 27465.0, 193.0, 75.0, 23.1, 98.300003, 500.0, 1.0, 0.0, 27600.0, 0.0, 26.0, 0.0, 0.0, 0.0, 0.0, 0.0, 1.0 , 9.20, -3.73, -0.32, 26.20, 32.25, 21.79, 5.75, 101914.84, -0.53, 2.67
16:48:18.63,23.0, 27465.0, 193.0, 75.0, 23.1, 98.300003, 500.0, 1.0, 0.0, 27600.0, 0.0, 26.0, 0.0, 0.0, 0.0, 0.0, 0.0, 1.0 , 9.21, -3.82, -0.33, 26.21, 32.25, 21.80, 5.59, 101918.45, -0.53, 2.68
16:48:18.78,23.0, 27465.0, 193.0, 75.0, 23.1, 98.300003, 500.0, 1.0, 0.0, 27600.0, 17.0, 26.0, 0.0, 0.0, 0.0, 0.0, 0.0, 1.0 , 9.15, -3.69, -0.27, 26.21, 32.25, 21.79, 5.73, 101919.30, -0.53, 2.68
16:48:18.95,23.0, 27465.0, 193.0, 75.0, 23.1, 98.300003, 500.0, 1.0, 0.0, 27600.0, 0.0, 26.0, 0.0, 0.0, 0.0, 0.0, 0.0, 1.0 , 9.18, -3.75, -0.32, 26.21, 32.25, 21.80, 5.69, 101915.70, -0.53, 2.68
16:48:19.09,23.0, 27465.0, 193.0, 75.0, 23.1, 98.300003, 500.0, 1.0, 0.0, 27600.0, 0.0, 26.0, 0.0, 0.0, 0.0, 0.0, 0.0, 1.0 , 9.22, -3.76, -0.39, 26.21, 32.50, 21.79, 5.79, 101916.57, -0.53, 2.68
16:48:19.26,23.0, 27465.0, 193.0, 75.0, 23.1, 98.300003, 500.0, 1.0, 0.0, 27600.0, 0.0, 26.0, 0.0, 0.0, 0.0, 0.0, 0.0, 1.0 , 9.23, -3.73, -0.32, 26.21, 32.75, 21.79, 5.71, 101915.70, -0.53, 2.68
16:48:19.42,23.0, 27462.0, 200.0, 75.0, 23.1, 98.300003, 500.0, 1.0, 0.0, 27600.0, 0.0, 26.0, 0.0, 0.0, 0.0, 0.0, 0.0, 1.0 , 9.22, -3.76, -0.28, 26.20, 32.50, 21.79, 5.75, 101916.72, -0.53, 2.67
16:48:19.55,23.0, 27462.0, 200.0, 75.0, 23.1, 98.300003, 500.0, 1.0, 0.0, 27600.0, 17.0, 26.0, 0.0, 0.0, 0.0, 0.0, 0.0, 1.0 , 9.28, -3.77, -0.16, 26.21, 33.00, 21.79, 5.84, 101911.09, -0.53, 2.68
16:48:19.67,23.0, 27462.0, 200.0, 75.0, 23.1, 98.300003, 500.0, 1.0, 0.0, 27600.0, 0.0, 26.0, 0.0, 0.0, 0.0, 0.0, 0.0, 1.0 , 9.20, -3.78, -0.45, 26.21, 33.00, 21.79, 5.73, 101921.18, -0.54, 2.68
16:48:19.83,23.0, 27462.0, 200.0, 75.0, 23.1, 98.300003, 500.0, 1.0, 0.0, 27600.0, 0.0, 26.0, 0.0, 0.0, 0.0, 0.0, 0.0, 1.0 , 9.27, -3.67, -0.33, 26.21, 33.25, 21.79, 5.67, 101919.30, -0.53, 2.68
16:48:19.98,23.0, 27462.0, 200.0, 75.0, 23.1, 98.300003, 500.0, 1.0, 0.0, 27600.0, 0.0, 26.0, 0.0, 0.0, 0.0, 0.0, 0.0, 1.0 , 9.27, -3.75, -0.37, 26.21, 33.00, 21.79, 5.79, 101916.57, -0.53, 2.68
16:48:20.14,23.0, 27462.0, 200.0, 75.0, 23.1, 98.300003, 500.0, 1.0, 0.0, 27600.0, 0.0, 26.0, 0.0, 0.0, 0.0, 0.0, 0.0, 1.0 , 9.41, -3.78, -0.61, 26.22, 32.75, 21.81, 5.61, 101920.17, -0.54, 2.70
16:48:20.29,23.0, 27462.0, 200.0, 75.0, 23.1, 98.300003, 500.0, 1.0, 0.0, 27600.0, 0.0, 26.0, 0.0, 0.0, 0.0, 0.0, 0.0, 1.0 , 9.11, -3.87, -0.04, 26.22, 32.50, 21.80, 5.71, 101925.64, -0.54, 2.69
16:48:20.41,23.0, 27462.0, 200.0, 75.0, 23.1, 98.300003, 500.0, 1.0, 0.0, 27600.0, 0.0, 26.0, 0.0, 0.0, 0.0, 0.0, 0.0, 1.0 , 9.13, -3.76, -0.33, 26.21, 33.00, 21.80, 5.73, 101915.70, -0.53, 2.68
16:48:20.56,23.0, 27462.0, 200.0, 75.0, 23.1, 98.300003, 500.0, 1.0, 0.0, 27600.0, 0.0, 26.0, 0.0, 0.0, 0.0, 0.0, 0.0, 1.0 , 9.29, -3.81, -0.50, 26.22, 33.00, 21.79, 5.65, 101918.30, -0.53, 2.68
16:48:20.70,23.0, 27461.0, 203.0, 75.0, 23.1, 98.300003, 500.0, 1.0, 0.0, 27600.0, 17.0, 26.0, 0.0, 0.0, 0.0, 0.0, 0.0, 1.0 , 9.14, -3.77, -0.33, 26.21, 32.75, 21.80, 5.63, 101913.83, -0.53, 2.68
16:48:20.85,23.0, 27461.0, 203.0, 75.0, 23.1, 98.300003, 500.0, 1.0, 0.0, 27600.0, 0.0, 26.0, 0.0, 0.0, 0.0, 0.0, 0.0, 1.0 , 9.16, -3.89, -0.01, 26.21, 33.00, 21.79, 5.84, 101913.83, -0.53, 2.68
16:48:20.98,23.0, 27461.0, 203.0, 75.0, 23.1, 98.300003, 500.0, 1.0, 0.0, 27600.0, 0.0, 26.0, 0.0, 0.0, 0.0, 0.0, 0.0, 1.0 , 9.19, -3.73, -0.37, 26.22, 32.75, 21.80, 5.69, 101917.44, -0.53, 2.69
16:48:21.11,23.0, 27461.0, 203.0, 75.0, 23.1, 98.300003, 500.0, 1.0, 0.0, 27600.0, 0.0, 26.0, 0.0, 0.0, 0.0, 0.0, 0.0, 1.0 , 9.22, -3.70, -0.11, 26.23, 32.50, 21.78, 5.71, 101919.16, -0.53, 2.69
16:48:21.26,23.0, 27461.0, 203.0, 75.0, 23.1, 98.300003, 500.0, 1.0, 0.0, 27600.0, 0.0, 26.0, 0.0, 0.0, 0.0, 0.0, 0.0, 1.0 , 8.90, -3.58, -0.26, 26.21, 32.25, 21.79, 5.77, 101915.70, -0.53, 2.68
16:48:21.44,23.0, 27461.0, 203.0, 75.0, 23.1, 98.300003, 500.0, 1.0, 0.0, 27600.0, 0.0, 26.0, 0.0, 0.0, 0.0, 0.0, 0.0, 1.0 , 9.21, -3.80, -0.29, 26.22, 32.25, 21.79, 5.82, 101909.22, -0.53, 2.68
16:48:21.59,23.0, 27461.0, 203.0, 75.0, 23.1, 98.300003, 500.0, 1.0, 0.0, 27600.0, 0.0, 26.0, 0.0, 0.0, 0.0, 0.0, 0.0, 1.0 , 9.31, -3.69, -0.25, 26.22, 32.25, 21.80, 5.63, 101910.08, -0.53, 2.69
16:48:21.78,23.0, 27461.0, 203.0, 75.0, 23.1, 98.300003, 500.0, 1.0, 0.0, 27600.0, 0.0, 26.0, 0.0, 0.0, 0.0, 0.0, 0.0, 1.0 , 9.16, -3.79, -0.29, 26.22, 32.00, 21.79, 5.73, 101917.44, -0.53, 2.68
16:48:21.93,23.0, 27467.0, 201.0, 75.0, 23.1, 98.300003, 500.0, 1.0, 0.0, 27600.0, 0.0, 26.0, 0.0, 0.0, 0.0, 0.0, 0.0, 1.0 , 9.21, -3.79, -0.28, 26.21, 32.50, 21.81, 5.67, 101915.70, -0.53, 2.69
16:48:22.12,23.0, 27467.0, 201.0, 75.0, 23.1, 98.300003, 500.0, 1.0, 0.0, 27600.0, 17.0, 26.0, 0.0, 0.0, 0.0, 0.0, 0.0, 1.0 , 9.19, -3.69, -0.30, 26.22, 32.50, 21.80, 5.63, 101921.03, -0.54, 2.69
16:48:22.28,23.0, 27467.0, 201.0, 75.0, 23.1, 98.300003, 500.0, 1.0, 0.0, 27600.0, 0.0, 26.0, 0.0, 0.0, 0.0, 0.0, 0.0, 1.0 , 9.11, -3.73, -0.37, 26.22, 32.50, 21.80, 5.67, 101920.17, -0.54, 2.69
16:48:22.44,23.0, 27467.0, 201.0, 75.0, 23.1, 98.300003, 500.0, 1.0, 0.0, 27600.0, 0.0, 26.0, 0.0, 0.0, 0.0, 0.0, 0.0, 1.0 , 9.18, -3.75, -0.26, 26.21, 32.50, 21.79, 5.65, 101916.57, -0.53, 2.68
16:48:22.63,23.0, 27467.0, 201.0, 75.0, 23.1, 98.300003, 500.0, 1.0, 0.0, 27600.0, 0.0, 26.0, 0.0, 0.0, 0.0, 0.0, 0.0, 1.0 , 9.04, -3.74, -0.04, 26.22, 32.75, 21.80, 5.86, 101921.03, -0.54, 2.69
16:48:22.82,23.0, 27467.0, 201.0, 75.0, 23.1, 98.300003, 500.0, 1.0, 0.0, 27600.0, 0.0, 26.0, 0.0, 0.0, 0.0, 0.0, 0.0, 1.0 , 9.15, -3.80, -0.53, 26.22, 32.50, 21.80, 5.69, 101915.56, -0.53, 2.69
16:48:22.97,23.0, 27467.0, 201.0, 75.0, 23.1, 98.300003, 500.0, 1.0, 0.0, 27600.0, 0.0, 26.0, 0.0, 0.0, 0.0, 0.0, 0.0, 1.0 , 9.26, -3.87, -0.24, 26.22, 32.50, 21.79, 5.77, 101926.52, -0.54, 2.68
16:48:23.10,23.0, 27459.0, 205.0, 75.0, 23.1, 98.300003, 500.0, 1.0, 0.0, 27600.0, 0.0, 26.0, 0.0, 0.0, 0.0, 0.0, 0.0, 1.0 , 9.10, -3.67, -0.54, 26.21, 32.50, 21.78, 5.79, 101916.57, -0.53, 2.67
16:48:23.23,23.0, 27459.0, 205.0, 75.0, 23.1, 98.300003, 500.0, 1.0, 0.0, 27600.0, 0.0, 26.0, 0.0, 0.0, 0.0, 0.0, 0.0, 1.0 , 9.25, -3.73, -0.35, 26.21, 32.25, 21.79, 5.67, 101916.57, -0.53, 2.68
16:48:23.36,23.0, 27459.0, 205.0, 75.0, 23.1, 98.300003, 500.0, 1.0, 0.0, 27600.0, 0.0, 26.0, 0.0, 0.0, 0.0, 0.0, 0.0, 1.0 , 9.14, -3.73, -0.38, 26.22, 32.50, 21.79, 5.73, 101918.30, -0.53, 2.68
16:48:23.52,23.0, 27459.0, 205.0, 75.0, 23.1, 98.300003, 500.0, 1.0, 0.0, 27600.0, 0.0, 26.0, 0.0, 0.0, 0.0, 0.0, 0.0, 1.0 , 9.20, -3.85, -0.43, 26.22, 32.50, 21.79, 5.65, 101915.56, -0.53, 2.68
16:48:23.66,23.0, 27459.0, 205.0, 75.0, 23.1, 98.300003, 500.0, 1.0, 0.0, 27600.0, 0.0, 26.0, 0.0, 0.0, 0.0, 0.0, 0.0, 1.0 , 9.02, -3.81, -0.32, 26.22, 32.25, 21.80, 5.73, 101914.70, -0.53, 2.69
16:48:23.82,23.0, 27459.0, 205.0, 75.0, 23.1, 98.300003, 500.0, 1.0, 0.0, 27600.0, 0.0, 26.0, 0.0, 0.0, 0.0, 0.0, 0.0, 1.0 , 9.12, -3.80, 0.09, 26.23, 32.75, 21.80, 5.73, 101921.90, -0.54, 2.70
16:48:23.97,23.0, 27459.0, 205.0, 75.0, 23.1, 98.300003, 500.0, 1.0, 0.0, 27600.0, 53.0, 26.0, 0.0, 0.0, 0.0, 0.0, 0.0, 1.0 , 9.02, -3.87, -0.11, 26.22, 32.75, 21.78, 5.95, 101918.30, -0.53, 2.68
16:48:24.13,23.0, 27459.0, 205.0, 75.0, 23.1, 98.300003, 500.0, 1.0, 0.0, 27600.0, 0.0, 26.0, 0.0, 0.0, 0.0, 0.0, 0.0, 1.0 , 9.20, -3.77, -0.30, 26.23, 33.25, 21.80, 5.67, 101916.42, -0.53, 2.70
16:48:24.28,23.0, 27463.0, 203.0, 75.0, 23.1, 98.300003, 500.0, 1.0, 0.0, 27600.0, 0.0, 26.0, 0.0, 0.0, 0.0, 0.0, 0.0, 1.0 , 9.20, -3.78, -0.28, 26.23, 32.75, 21.79, 5.75, 101910.95, -0.53, 2.69
16:48:24.41,23.0, 27463.0, 203.0, 75.0, 23.1, 98.300003, 500.0, 1.0, 0.0, 27600.0, 0.0, 26.0, 0.0, 0.0, 0.0, 0.0, 0.0, 1.0 , 9.10, -3.75, 0.01, 26.22, 32.75, 21.80, 5.75, 101915.56, -0.53, 2.69
16:48:24.53,23.0, 27463.0, 203.0, 75.0, 23.1, 98.300003, 500.0, 1.0, 0.0, 27600.0, 0.0, 26.0, 0.0, 0.0, 0.0, 0.0, 0.0, 1.0 , 9.13, -3.76, -0.16, 26.22, 32.75, 21.81, 5.79, 101914.70, -0.53, 2.70
16:48:29.52,23.0, 27463.0, 191.0, 75.0, 23.1, 98.300003, 500.0, 1.0, 0.0, 27600.0, 0.0, 26.0, 0.0, 0.0, 0.0, 0.0, 0.0, 1.0 , 9.17, -3.78, -0.31, 26.22, 32.75, 21.79, 5.79, 101910.08, -0.53, 2.68
16:48:29.68,23.0, 27463.0, 191.0, 75.0, 23.1, 98.300003, 500.0, 1.0, 0.0, 27600.0, 35.0, 26.0, 0.0, 0.0, 0.0, 0.0, 0.0, 1.0 , 9.18, -3.76, -0.33, 26.23, 32.50, 21.80, 5.73, 101913.69, -0.53, 2.70
16:48:29.79,23.0, 27463.0, 191.0, 75.0, 23.1, 98.300003, 500.0, 1.0, 0.0, 27600.0, 0.0, 26.0, 0.0, 0.0, 0.0, 0.0, 0.0, 1.0 , 9.13, -3.75, -0.46, 26.22, 32.75, 21.80, 5.67, 101910.08, -0.53, 2.69
16:48:29.90,23.0, 27463.0, 191.0, 75.0, 23.1, 98.300003, 500.0, 1.0, 0.0, 27600.0, 0.0, 26.0, 0.0, 0.0, 0.0, 0.0, 0.0, 1.0 , 9.16, -3.77, -0.33, 26.22, 32.50, 21.80, 5.75, 101923.77, -0.54, 2.69
16:48:30.02,23.0, 27463.0, 191.0, 75.0, 23.1, 98.300003, 500.0, 1.0, 0.0, 27600.0, 0.0, 26.0, 0.0, 0.0, 0.0, 0.0, 0.0, 1.0 , 9.17, -3.78, -0.08, 26.23, 32.50, 21.81, 5.65, 101911.81, -0.53, 2.71
16:48:30.13,23.0, 27463.0, 191.0, 75.0, 23.1, 98.300003, 500.0, 1.0, 0.0, 27600.0, 0.0, 26.0, 0.0, 0.0, 0.0, 0.0, 0.0, 1.0 , 9.23, -3.74, -0.31, 26.22, 32.50, 21.81, 5.65, 101923.77, -0.54, 2.70
16:48:30.24,23.0, 27461.0, 190.0, 75.0, 23.1, 98.300003, 500.0, 1.0, 0.0, 27600.0, 17.0, 26.0, 0.0, 0.0, 0.0, 0.0, 0.0, 1.0 , 9.20, -3.77, -0.27, 26.22, 32.75, 21.80, 5.79, 101921.03, -0.54, 2.69
16:48:30.35,23.0, 27461.0, 190.0, 75.0, 23.1, 98.300003, 500.0, 1.0, 0.0, 27600.0, 0.0, 26.0, 0.0, 0.0, 0.0, 0.0, 0.0, 1.0 , 9.17, -3.76, -0.32, 26.23, 32.50, 21.79, 5.71, 101916.42, -0.53, 2.69
16:48:30.48,23.0, 27461.0, 190.0, 75.0, 23.1, 98.300003, 500.0, 1.0, 0.0, 27600.0, 17.0, 26.0, 0.0, 0.0, 0.0, 0.0, 0.0, 1.0 , 9.15, -3.68, -0.54, 26.23, 32.25, 21.78, 5.63, 101910.95, -0.53, 2.69
16:48:30.60,23.0, 27461.0, 190.0, 75.0, 23.1, 98.300003, 500.0, 1.0, 0.0, 27600.0, 0.0, 26.0, 0.0, 0.0, 0.0, 0.0, 0.0, 1.0 , 9.06, -3.80, -0.15, 26.23, 32.25, 21.80, 5.65, 101916.42, -0.53, 2.70
16:48:30.75,23.0, 27461.0, 190.0, 75.0, 23.1, 98.300003, 500.0, 1.0, 0.0, 27600.0, 0.0, 26.0, 0.0, 0.0, 0.0, 0.0, 0.0, 1.0 , 9.08, -3.72, -0.40, 26.23, 32.50, 21.80, 5.59, 101919.16, -0.53, 2.70
16:48:30.86,23.0, 27461.0, 190.0, 75.0, 23.1, 98.300003, 500.0, 1.0, 0.0, 27600.0, 17.0, 26.0, 0.0, 0.0, 0.0, 0.0, 0.0, 1.0 , 9.20, -3.76, -0.46, 26.23, 32.50, 21.79, 5.86, 101910.95, -0.53, 2.69
16:48:30.98,23.0, 27461.0, 190.0, 75.0, 23.1, 98.300003, 500.0, 1.0, 0.0, 27600.0, 0.0, 26.0, 0.0, 0.0, 0.0, 0.0, 0.0, 1.0 , 9.20, -3.75, -0.30, 26.23, 32.50, 21.79, 5.69, 101917.28, -0.53, 2.69
16:48:31.09,23.0, 27461.0, 190.0, 75.0, 23.1, 98.300003, 500.0, 1.0, 0.0, 27600.0, 0.0, 26.0, 0.0, 0.0, 0.0, 0.0, 0.0, 1.0 , 9.32, -3.69, -0.43, 26.24, 32.00, 21.80, 5.77, 101912.67, -0.53, 2.71
16:48:31.20,23.0, 27461.0, 190.0, 75.0, 23.1, 98.300003, 500.0, 1.0, 0.0, 27600.0, 17.0, 26.0, 0.0, 0.0, 0.0, 0.0, 0.0, 1.0 , 8.94, -3.79, -0.17, 26.24, 32.25, 21.80, 5.82, 101923.62, -0.54, 2.71
16:48:31.31,23.0, 27461.0, 190.0, 75.0, 23.1, 98.300003, 500.0, 1.0, 0.0, 27600.0, 0.0, 26.0, 0.0, 0.0, 0.0, 0.0, 0.0, 1.0 , 9.27, -3.73, -0.17, 26.24, 32.50, 21.80, 5.73, 101923.62, -0.54, 2.71
16:48:31.48,23.0, 27465.0, 200.0, 75.0, 23.1, 98.199997, 500.0, 1.0, 0.0, 27600.0, 17.0, 26.0, 0.0, 0.0, 0.0, 0.0, 0.0, 1.0 , 9.23, -3.88, -0.07, 26.23, 32.00, 21.80, 5.63, 101922.77, -0.54, 2.70
16:48:31.65,23.0, 27465.0, 200.0, 75.0, 23.1, 98.199997, 250.0, 1.0, 0.0, 27600.0, 0.0, 26.0, 0.0, 0.0, 0.0, 0.0, 0.0, 1.0 , 9.18, -3.83, -0.18, 26.23, 32.75, 21.79, 5.65, 101919.16, -0.53, 2.69
16:48:31.79,23.0, 27465.0, 200.0, 75.0, 23.1, 98.199997, 500.0, 1.0, 0.0, 27600.0, 0.0, 26.0, 0.0, 0.0, 0.0, 0.0, 0.0, 1.0 , 9.21, -3.79, -0.32, 26.22, 32.50, 21.79, 5.69, 101915.56, -0.53, 2.68
16:48:31.95,23.0, 27465.0, 200.0, 75.0, 23.1, 98.199997, 500.0, 1.0, 0.0, 27600.0, 0.0, 26.0, 0.0, 0.0, 0.0, 0.0, 0.0, 1.0 , 8.99, -3.73, -0.04, 26.23, 32.50, 21.80, 5.69, 101920.02, -0.54, 2.70
16:48:32.11,23.0, 27465.0, 200.0, 75.0, 23.1, 98.199997, 500.0, 1.0, 0.0, 27600.0, 